,Time,WS,Ta,RH,Rain,Press,SW_IN,Rn,ET,H,G,LAI,SIF,Month,acc_rain2,acc_rain3,acc_rain5,acc_rain7,acc_rain10,acc_rain15,acc_rain20,acc_rain30,DEM,GRA,CLAY,SAND,SILT,WSA,SAV,EBF,DBF,MF,ENF,WET,CRO,OSH,CSH,SM
0,20020426,2.844,7.822,72.48070833333333,0.32299999999999995,97.834,139.35,84.4841458333,1.8957736146708293,26.7992,0.232604,0.6375000000000001,0.011275,4,0.32299999999999995,0.945,3.907,5.039999999999999,5.388,17.159999999999997,18.485999999999994,21.651,180.0,0,11,65,21,0,0,0,0,0,1,0,0,0,0,0.341
1,20020427,2.997,9.068999999999999,64.93243749999999,0.312,97.837,176.859,101.723148936,1.6441753327357669,72.4943,0.282771,0.65,0.0139,4,0.635,0.635,3.703,5.351999999999999,5.7,16.758,18.741,20.805,180.0,0,11,65,21,0,0,0,0,0,1,0,0,0,0,0.34800000000000003
2,20020428,3.563,10.187999999999999,56.40702083333334,0.304,98.01700000000001,208.84900000000002,132.78541666700002,1.7516221995667889,89.9441,0.285188,0.6625000000000001,0.016525,4,0.616,0.939,1.561,4.523,6.004,8.985,19.044999999999995,20.622,180.0,0,11,65,21,0,0,0,0,0,1,0,0,0,0,0.341
3,20020429,2.198,8.791,84.81724999999999,2.682,98.12799999999999,135.52100000000002,101.81583333299999,1.1466700528600893,41.9905,0.297375,0.675,0.01915,4,2.986,3.298,3.621,6.688999999999999,8.338000000000001,8.686,21.29,22.57,180.0,0,11,65,21,0,0,0,0,0,1,0,0,0,0,0.341
4,20020430,1.431,7.66,83.07739583333334,0.418,98.152,205.19400000000002,134.46225,1.4849817341593101,83.7979,0.285521,0.6875,0.021775000000000003,4,3.1,3.404,4.039,4.6610000000000005,8.756,9.104,21.023000000000003,22.38300000000001,180.0,0,11,65,21,0,0,0,0,0,1,0,0,0,0,0.325
5,20020501,1.874,5.58,86.437125,0.779,98.439,106.684,56.7126666667,1.1455687393401108,17.709,0.288333,0.7000000000000001,0.0244,5,1.197,3.879,4.495,4.8180000000000005,8.402000000000001,9.883,21.655,23.162,180.0,0,11,65,21,0,0,0,0,0,1,0,0,0,0,0.311
6,20020502,2.593,7.965,84.13760416666666,0.48100000000000004,98.25299999999999,110.37799999999999,77.4352916667,1.5570451597330153,2.03613,0.279792,0.7125,0.0246625,5,1.26,1.6780000000000002,4.664,5.2989999999999995,8.366999999999999,10.364,21.422,23.642999999999994,180.0,0,11,65,21,0,0,0,0,0,1,0,0,0,0,0.29600000000000004
7,20020503,2.421,7.305,81.2426875,0.071,98.29799999999999,142.092,89.4170625,1.0264416279755584,64.7788,7.8887300000000025,0.7250000000000001,0.024925000000000003,5,0.5519999999999999,1.331,4.431,5.0470000000000015,5.992000000000001,10.435,13.415999999999999,23.714,180.0,0,11,65,21,0,0,0,0,0,1,0,0,0,0,0.28800000000000003
8,20020504,2.613,8.744,62.85145833333333,0.604,98.177,214.685,147.759375,1.3878494047247782,86.512,17.0771,0.7375,0.0251875,5,0.6749999999999999,1.156,2.353,5.339,5.974,10.690999999999999,11.039000000000001,24.318,180.0,0,11,65,21,0,0,0,0,0,1,0,0,0,0,0.281
9,20020505,2.33,5.881,65.41045833333334,0.8390000000000001,98.88,171.75799999999995,94.7379791667,1.4407831006533656,51.9599,9.509730000000001,0.75,0.02545,5,1.443,1.514,2.7739999999999996,5.8740000000000006,6.8130000000000015,11.53,11.878000000000002,25.075,180.0,0,11,65,21,0,0,0,0,0,1,0,0,0,0,0.273
10,20020506,2.9010000000000002,3.002,59.3468125,2.012,99.48100000000001,205.301,126.413041667,1.0929773799537008,77.2392,9.70871,0.7625000000000001,0.025712500000000003,5,2.8510000000000004,3.455,4.0070000000000014,5.2040000000000015,8.502,12.409,13.890000000000002,26.988000000000003,180.0,0,11,65,21,0,0,0,0,0,1,0,0,0,0,0.266
11,20020507,3.78,5.705,62.4151875,0.27699999999999997,99.14399999999999,156.836,96.221625,1.280304803681945,50.9131,8.42537,0.775,0.025975,5,2.289,3.128,3.803,5.0630000000000015,8.467,12.17,14.167,27.208,180.0,0,11,65,21,0,0,0,0,0,1,0,0,0,0,0.258
12,20020508,4.55,8.544,55.73374999999999,0.32799999999999996,98.415,214.22400000000002,125.18820833299999,1.6983174179701417,73.6587,11.8988,0.7875000000000001,0.0262375,5,0.605,2.617,4.06,4.611999999999999,8.491,10.052,14.495,27.535999999999994,180.0,0,11,65,21,0,0,0,0,0,1,0,0,0,0,0.258
13,20020509,4.833,4.4030000000000005,58.148,0.441,98.87200000000001,182.293,109.5731875,1.3647928976054928,56.5999,7.0901,0.8,0.026500000000000003,5,0.769,1.0459999999999998,3.897,4.571999999999999,6.249999999999999,9.871,14.587999999999996,27.54,180.0,0,11,65,21,0,0,0,0,0,1,0,0,0,0,0.25
14,20020510,1.905,3.012,57.55649999999999,0.267,99.49700000000001,152.757,89.4570625,0.8480494039147527,52.3228,5.28787,0.8125,0.0282375,5,0.708,1.036,3.325,4.768000000000002,6.099,10.138,14.855,27.122,180.0,0,11,65,21,0,0,0,0,0,1,0,0,0,0,0.25
15,20020511,2.521,5.008,71.50033333333333,1.474,98.75399999999999,111.708,67.4647291667,1.2110884963679405,26.456,6.958419999999999,0.8250000000000001,0.029975,5,1.7409999999999999,2.182,2.787,5.638,6.794,11.289,15.196,28.449,180.0,0,11,65,21,0,0,0,0,0,1,0,0,0,0,0.25
16,20020512,2.697,7.865,69.4689375,0.777,98.289,195.87,131.138541667,1.5202453154771038,83.7487,14.1199,0.8375,0.031712500000000005,5,2.251,2.518,3.2869999999999995,5.5760000000000005,7.09,11.754,15.457,28.512,180.0,0,11,65,21,0,0,0,0,0,1,0,0,0,0,0.25
17,20020513,4.12,6.8770000000000024,75.83539583333331,2.349,98.436,141.421,98.9646041667,1.5333007709126851,51.3533,9.20994,0.8500000000000001,0.03345,5,3.1260000000000003,4.6000000000000005,5.308000000000002,5.913000000000001,9.368,13.799,15.36,22.783999999999995,180.0,0,11,65,21,0,0,0,0,0,1,0,0,0,0,0.244
18,20020514,1.776,5.841,88.03279166666665,1.641,98.387,91.835,59.298875,1.4264379612769642,17.0502,8.431939999999999,0.8625,0.035187500000000003,5,3.99,4.767,6.508000000000001,7.277000000000001,10.405,12.758,16.379,21.444000000000006,180.0,0,11,65,21,0,0,0,0,0,1,0,0,0,0,0.281
19,20020515,3.966,11.12,73.17125,0.588,97.56200000000001,234.354,164.2195,2.744473209905251,69.0049,13.7327,0.875,0.036925,5,2.229,4.578,6.8290000000000015,7.537000000000001,10.154000000000002,12.928,16.967,22.032,180.0,0,11,65,21,0,0,0,0,0,1,0,0,0,0,0.258
20,20020516,3.707,6.065,69.89606250000001,0.073,97.587,162.766,112.36522916700001,1.9744780022110733,51.113,6.45275,0.8875000000000001,0.0386625,5,0.6609999999999999,2.302,5.428,7.1690000000000005,8.215,12.222,16.717,22.105,180.0,0,11,65,21,0,0,0,0,0,1,0,0,0,0,0.25
21,20020517,4.668,2.425,67.62247916666666,0.047,97.74,136.274,93.365625,1.214063715074585,53.9507,1.444,0.9,0.040400000000000005,5,0.12,0.708,4.698,6.9490000000000025,7.985000000000001,11.788,16.451999999999998,22.151999999999997,180.0,0,11,65,21,0,0,0,0,0,1,0,0,0,0,0.25
22,20020518,3.588,1.126,67.80383333333333,0.43799999999999994,97.81,153.305,95.4157916667,1.1846265752685174,57.8306,1.01783,0.9125,0.046725,5,0.485,0.5579999999999999,2.787,5.9129999999999985,8.095,12.155,16.586,22.59,180.0,0,11,65,21,0,0,0,0,0,1,0,0,0,0,0.248
23,20020519,3.154,2.214,58.69691666666667,0.239,98.493,212.142,167.944894737,1.0912067833638126,86.2985,3.0666700000000002,0.925,0.05305,5,0.677,0.7240000000000001,1.385,5.375,7.893000000000002,11.79,14.143,22.480999999999998,180.0,0,11,65,21,0,0,0,0,0,1,0,0,0,0,0.248
24,20020520,2.617,5.665,57.99577083333333,0.201,98.17,200.162,88.0414814815,1.1693761048208522,80.8124,7.70344,0.9375,0.059375,5,0.44,0.8779999999999999,0.998,3.227,7.827000000000001,11.152000000000001,13.925999999999998,22.682,180.0,0,11,65,21,0,0,0,0,0,1,0,0,0,0,0.248
25,20020521,2.977,5.709,58.79410416666667,0.053,98.421,213.035,128.517520833,1.302833378216916,82.6777,7.1124,0.95,0.06570000000000001,5,0.254,0.493,0.978,1.6389999999999998,6.4060000000000015,9.193,13.2,21.601999999999997,180.0,0,11,65,21,0,0,0,0,0,1,0,0,0,0,0.248
26,20020522,1.389,3.335,63.30527083333334,0.319,98.976,100.26100000000001,59.0853125,0.7801702506610851,44.9228,2.40783,0.9625,0.072025,5,0.3720000000000001,0.573,1.25,1.37,5.9479999999999995,9.235,13.037999999999998,21.404999999999994,180.0,0,11,65,21,0,0,0,0,0,1,0,0,0,0,0.23199999999999998
27,20020523,3.272,4.217,50.09060416666667,0.0,98.863,321.35,193.80625,1.621623654830896,150.15,7.534039999999999,0.975,0.07835,5,0.319,0.3720000000000001,0.8119999999999999,1.297,3.599,8.907,12.967,18.959,180.0,0,11,65,21,0,0,0,0,0,1,0,0,0,0,0.23199999999999998
28,20020524,3.267,1.795,57.8191875,0.0,98.802,220.30200000000002,137.89,1.1036854573954318,120.962,5.52308,0.9875,0.084675,5,0.0,0.319,0.573,1.25,1.958,8.466000000000001,12.363,18.337,180.0,0,11,65,21,0,0,0,0,0,1,0,0,0,0,0.23199999999999998
29,20020525,1.992,4.17,69.7838125,0.0,98.794,146.221,76.39385,0.9503379580020552,49.4334,5.096769999999999,1.0,0.091,5,0.0,0.0,0.3720000000000001,0.8119999999999999,1.37,8.199,11.524000000000001,18.337,180.0,0,11,65,21,0,0,0,0,0,1,0,0,0,0,0.203
30,20020527,1.757,9.838,57.27204166666667,0.0,99.449,316.48,259.855677419,1.4643407103451398,158.123,10.437999999999999,1.05,0.096025,5,0.0,0.0,0.0,0.3720000000000001,1.25,5.948,9.235,17.701999999999995,180.0,0,11,65,21,0,0,0,0,0,1,0,0,0,0,0.206
31,20020528,1.4369999999999998,14.652000000000001,44.06875,0.0,99.47200000000001,326.332,197.2730625,1.6151214236258191,133.085,10.9138,1.075,0.0985375,5,0.0,0.0,0.0,0.319,0.8119999999999999,3.5989999999999998,8.907,17.397999999999996,180.0,0,11,65,21,0,0,0,0,0,1,0,0,0,0,0.208
32,20020529,2.141,18.04,40.025,0.0,98.943,322.144,197.536041667,1.8178968220184133,112.405,13.1968,1.1,0.10105,5,0.0,0.0,0.0,0.0,0.573,1.9580000000000002,8.466000000000001,14.715999999999998,180.0,0,11,65,21,0,0,0,0,0,1,0,0,0,0,0.221
33,20020530,1.913,19.046,39.6635,0.0,98.51899999999999,319.853,194.41520833299998,2.0815484223469145,118.617,13.6019,1.125,0.1035625,5,0.0,0.0,0.0,0.0,0.3720000000000001,1.37,8.199,14.297999999999998,180.0,0,11,65,21,0,0,0,0,0,1,0,0,0,0,0.191
34,20020531,2.935,18.864,33.25635416666667,0.0,98.12799999999999,323.89599999999996,187.23421276599998,2.4289901904633497,124.42,12.3016,1.15,0.106075,5,0.0,0.0,0.0,0.0,0.319,1.297,6.7250000000000005,13.518999999999998,180.0,0,11,65,21,0,0,0,0,0,1,0,0,0,0,0.22
35,20020601,2.813,16.576,48.66391666666666,0.0,98.412,315.158,193.260125,2.02460657286715,130.064,10.3681,1.175,0.1085875,6,0.0,0.0,0.0,0.0,0.0,1.25,5.9479999999999995,13.037999999999998,180.0,0,11,65,21,0,0,0,0,0,1,0,0,0,0,0.212
36,20020602,3.0389999999999997,13.343,52.25829166666667,0.0,98.934,318.51,191.873041667,1.970462624898208,137.866,7.291289999999999,1.2000000000000002,0.1111,6,0.0,0.0,0.0,0.0,0.0,0.8119999999999999,3.599,12.967,180.0,0,11,65,21,0,0,0,0,0,1,0,0,0,0,0.22899999999999998
37,20020603,1.64,12.224,62.28533333333333,0.0,98.97399999999999,195.058,125.4463125,1.413635594873119,69.5869,6.00173,1.2125,0.117175,6,0.0,0.0,0.0,0.0,0.0,0.573,1.958,12.363,180.0,0,11,65,21,0,0,0,0,0,1,0,0,0,0,0.22899999999999998
38,20020604,1.739,13.263,57.20958333333334,0.0,98.956,252.935,150.66779166700002,1.7423103444695676,93.71,7.1775600000000015,1.225,0.12325,6,0.0,0.0,0.0,0.0,0.0,0.3720000000000001,1.37,11.524,180.0,0,11,65,21,0,0,0,0,0,1,0,0,0,0,0.262
39,20020608,1.81,15.9,70.66214583333333,0.08900000000000001,98.69200000000001,215.563,141.69725,2.3909683115537117,58.9854,7.97465,1.275,0.14755,6,0.17700000000000002,0.4600000000000001,1.897,1.8969999999999998,1.897,1.8969999999999998,2.47,10.363,180.0,0,11,65,21,0,0,0,0,0,1,0,0,0,0,0.313
40,20020609,1.633,17.405,56.85639583333333,0.0,98.806,328.99,166.19268181799998,2.5861877181786856,120.01899999999999,11.4681,1.2875,0.153625,6,0.08900000000000001,0.17700000000000002,1.897,1.8969999999999998,1.897,1.8969999999999998,2.269,10.096,180.0,0,11,65,21,0,0,0,0,0,1,0,0,0,0,0.21899999999999997
41,20020610,2.141,19.229,52.38045833333334,0.0,98.646,317.078,162.230651163,2.7902095465228443,112.26299999999999,12.0642,1.3,0.1597,6,0.0,0.08900000000000001,0.4600000000000001,1.8969999999999998,1.897,1.8969999999999998,2.216,8.622,180.0,0,11,65,21,0,0,0,0,0,1,0,0,0,0,0.192
42,20020611,2.25,21.139,43.333125,0.0,98.59899999999999,325.371,202.596978723,2.863641441578995,114.646,12.2061,1.3250000000000002,0.1586375,6,0.0,0.0,0.17700000000000002,1.8969999999999998,1.897,1.8969999999999998,1.897,7.845,180.0,0,11,65,21,0,0,0,0,0,1,0,0,0,0,0.19399999999999998
43,20020612,2.637,20.906999999999996,38.91547916666666,0.0,98.179,327.6,208.078625,2.9535893852265307,113.383,10.4391,1.35,0.15757500000000002,6,0.0,0.0,0.08900000000000001,0.4600000000000001,1.897,1.8969999999999998,1.897,5.496,180.0,0,11,65,21,0,0,0,0,0,1,0,0,0,0,0.21100000000000002
44,20020613,2.612,13.491,73.2943125,0.0,97.70700000000001,102.98899999999999,70.9471875,1.6109752281289478,24.9834,1.64608,1.375,0.1565125,6,0.0,0.0,0.0,0.17700000000000002,1.897,1.8969999999999998,1.897,3.855,180.0,0,11,65,21,0,0,0,0,0,1,0,0,0,0,0.25
45,20020614,2.524,9.954,69.72997916666667,0.0,97.89399999999999,209.517,127.7255625,1.9903013921343249,95.8078,1.65898,1.4,0.15545,6,0.0,0.0,0.0,0.08900000000000001,1.897,1.8969999999999998,1.897,3.2669999999999995,180.0,0,11,65,21,0,0,0,0,0,1,0,0,0,0,0.244
46,20020615,1.71,14.103,47.99927083333333,0.0,97.711,346.339,223.47210638299998,2.2481523566663912,135.722,6.14992,1.425,0.1543875,6,0.0,0.0,0.0,0.0,0.4600000000000001,1.8969999999999998,1.897,3.1939999999999995,180.0,0,11,65,21,0,0,0,0,0,1,0,0,0,0,0.25
47,20020616,3.0380000000000003,15.089,54.82664583333334,0.603,97.186,225.011,147.010125,2.178330984744917,83.5071,5.46454,1.4500000000000002,0.15332500000000002,6,0.603,0.603,0.603,0.603,0.7799999999999999,2.5,2.5,3.75,180.0,0,11,65,21,0,0,0,0,0,1,0,0,0,0,0.21100000000000002
48,20020617,2.823,12.052999999999999,63.08145833333333,0.402,97.63,271.256,169.39129166700002,2.3493208411654423,96.5951,3.2046200000000002,1.475,0.1522625,6,1.005,1.005,1.005,1.005,1.094,2.9019999999999997,2.902,3.714,180.0,0,11,65,21,0,0,0,0,0,1,0,0,0,0,0.268
49,20020618,3.812,14.299000000000001,63.34452083333334,2.04,97.78299999999999,226.49599999999998,139.557404255,2.4270051356196456,90.2878,2.81633,1.5,0.1512,6,2.4419999999999997,3.045,3.045,3.045,3.045,4.942,4.942,5.515,180.0,0,11,65,21,0,0,0,0,0,1,0,0,0,0,0.182
50,20020619,3.165,11.084000000000001,92.32639583333334,17.164,97.221,57.641999999999996,54.0101041667,0.9792238518811904,-27.6763,-2.14842,1.5,0.1511375,6,19.204,19.606,20.209000000000003,20.209000000000003,20.209000000000003,22.106000000000005,22.106000000000005,22.478000000000005,180.0,0,11,65,21,0,0,0,0,0,1,0,0,0,0,0.244
51,20020620,3.3339999999999996,14.905999999999999,64.61129166666667,3.613,97.708,289.89599999999996,166.38297619,3.1470777228285858,102.788,7.7972100000000015,1.5,0.151075,6,20.776999999999997,22.817,23.82200000000001,23.82200000000001,23.82200000000001,24.282000000000004,25.719000000000005,26.038000000000004,180.0,0,11,65,21,0,0,0,0,0,1,0,0,0,0,0.301
52,20020621,3.657,13.931,65.10658333333333,3.263,97.618,248.933,172.714767442,2.7347481156471285,75.6437,5.440869999999999,1.5,0.1510125,6,6.876,24.04,26.482,27.085,27.085,27.262,28.98200000000001,28.98200000000001,180.0,0,11,65,21,0,0,0,0,0,1,0,0,0,0,0.244
53,20020622,3.445,9.301,58.12816666666666,0.021,97.76799999999999,283.39799999999997,208.0173,3.048777427553282,88.5695,1.46338,1.5,0.15095,6,3.284,6.897,26.101,27.106,27.105999999999998,27.195,29.003000000000004,29.003000000000004,180.0,0,11,65,21,0,0,0,0,0,1,0,0,0,0,0.251
54,20020623,2.121,10.253,63.339125,1.147,97.705,200.765,176.814705882,2.3885162291386965,55.7648,2.97912,1.5,0.1508875,6,1.168,4.431,25.208,27.65,28.253000000000004,28.253000000000004,30.15000000000001,30.15000000000001,180.0,0,11,65,21,0,0,0,0,0,1,0,0,0,0,0.225
55,20020624,2.94,7.881,78.37820833333333,0.996,97.65,238.49,113.354159091,2.9165216576100765,67.6396,-0.7736460000000001,1.5,0.150825,6,2.1430000000000002,2.164,9.04,28.244,29.249,29.249000000000002,31.146000000000004,31.146000000000004,180.0,0,11,65,21,0,0,0,0,0,1,0,0,0,0,0.29
56,20020625,2.3569999999999998,8.32,66.87064583333334,0.655,97.98100000000001,256.29200000000003,210.61891428599998,2.4051307722477966,77.9947,1.24621,1.5,0.1507625,6,1.651,2.798,6.0820000000000025,26.859,29.904000000000003,29.904000000000003,30.364000000000004,31.801000000000005,180.0,0,11,65,21,0,0,0,0,0,1,0,0,0,0,0.251
57,20020628,2.45,13.467,72.27387499999998,0.89,97.666,225.28599999999997,150.342875,3.4267367184917563,72.1237,7.36565,1.525,0.150375,6,1.078,1.158,2.8089999999999997,3.977,28.017000000000003,31.062000000000005,31.062000000000005,32.959,180.0,0,11,65,21,0,0,0,0,0,1,0,0,0,0,0.213
58,20020629,1.761,12.085,93.30279166666666,10.888,97.35799999999999,113.756,77.2420833333,2.8486257811518283,-5.59815,3.74325,1.5375,0.1502125,6,11.777999999999999,11.966,12.700999999999999,14.844000000000001,21.741,41.95,41.95,43.847,180.0,0,11,65,21,0,0,0,0,0,1,0,0,0,0,0.264
59,20020630,1.1840000000000002,12.677999999999999,87.23941666666668,5.1339999999999995,97.32,171.25599999999997,101.312787234,2.4718914302965285,26.8127,5.12019,1.55,0.15005000000000002,6,16.022000000000002,16.912,17.179999999999996,18.831,23.261999999999997,47.083999999999996,47.084,48.981,180.0,0,11,65,21,0,0,0,0,0,1,0,0,0,0,0.302
60,20020701,1.746,12.88,87.85579166666666,7.1560000000000015,97.096,181.02700000000002,127.27952083299999,3.1798783417232426,15.5159,3.06894,1.5625,0.1498875,7,12.290000000000004,23.178,24.256000000000004,24.991,27.155,53.637,54.24,56.137,180.0,0,11,65,21,0,0,0,0,0,1,0,0,0,0,0.273
61,20020702,1.8119999999999998,13.774000000000001,78.937,4.4319999999999995,97.21600000000001,214.407,135.988395833,3.4875076499916946,42.4912,5.82636,1.5750000000000002,0.149725,7,11.588,16.722,28.5,28.768,31.565999999999995,57.667,58.672,60.568999999999996,180.0,0,11,65,21,0,0,0,0,0,1,0,0,0,0,0.28600000000000003
62,20020703,2.975,13.190999999999999,92.9743125,8.745,97.17399999999999,87.58,52.8611458333,1.6362065380199848,-24.6897,4.19069,1.5875,0.1495625,7,13.177,20.333,36.355,37.43300000000001,39.16400000000001,64.37200000000001,67.41700000000002,69.31400000000001,180.0,0,11,65,21,0,0,0,0,0,1,0,0,0,0,0.271
63,20020704,3.62,16.61,67.8660625,3.505,97.652,255.33900000000003,166.03123404299998,3.61108060632984,62.8645,11.2731,1.6,0.1494,7,12.25,16.682000000000002,28.972000000000005,40.75,41.67300000000001,50.713,70.92200000000003,72.819,180.0,0,11,65,21,0,0,0,0,0,1,0,0,0,0,0.28800000000000003
64,20020705,1.527,16.643,93.1874375,12.238,97.86,106.88,67.8756041667,1.876394567376028,1.74196,9.19104,1.6,0.1498375,7,15.743,24.488000000000003,36.076,52.098,53.256,59.338,83.16000000000003,83.62,180.0,0,11,65,21,0,0,0,0,0,1,0,0,0,0,0.29600000000000004
65,20020706,2.694,17.834,84.69260416666667,8.1,97.338,129.691,87.9855625,2.658490830140561,12.1354,9.8314,1.6,0.15027500000000002,7,20.338,23.843000000000004,37.02,49.31,61.276,64.17500000000001,90.65700000000002,91.43700000000001,180.0,0,11,65,21,0,0,0,0,0,1,0,0,0,0,0.297
66,20020707,3.51,16.485,72.10333333333334,2.54,97.646,243.86599999999999,150.448416667,3.2455683887544087,81.0166,5.31187,1.6,0.1507125,7,10.64,22.878,35.128,46.716,63.628,66.694,92.79500000000002,93.889,180.0,0,11,65,21,0,0,0,0,0,1,0,0,0,0,0.281
67,20020708,1.824,14.390999999999998,76.52760416666666,2.415,97.897,185.889,114.78639583299999,2.344004458619465,43.2199,2.77008,1.6,0.15115,7,4.955,13.055,28.798000000000002,41.975,65.153,67.962,93.17000000000002,96.21500000000002,180.0,0,11,65,21,0,0,0,0,0,1,0,0,0,0,0.266
68,20020709,2.057,15.099,80.55283333333334,3.352,98.193,194.908,128.918895833,2.3476516827342087,57.855,4.1065,1.6,0.1515875,7,5.767,8.306999999999999,28.645,40.895,57.617,70.318,79.358,99.56700000000001,180.0,0,11,65,21,0,0,0,0,0,1,0,0,0,0,0.255
69,20020710,1.605,15.100999999999999,92.14164583333331,11.860999999999999,98.794,92.71700000000001,56.715875,1.5462805466430438,14.0943,1.9053099999999998,1.6,0.152025,7,15.213,17.628,28.268,44.011,64.34400000000001,81.52400000000002,87.60600000000002,111.42800000000004,180.0,0,11,65,21,0,0,0,0,0,1,0,0,0,0,0.298
70,20020711,1.986,15.289000000000001,95.0125,5.369,99.068,117.98700000000001,84.0377083333,1.828277693700723,13.9158,8.02373,1.6,0.1524625,7,17.23,20.581999999999997,25.537,45.87499999999999,62.556999999999995,86.81299999999996,89.71200000000002,116.79700000000001,180.0,0,11,65,21,0,0,0,0,0,1,0,0,0,0,0.304
71,20020712,2.34,15.700999999999999,86.6819375,0.11900000000000001,98.682,179.125,126.37745833299999,2.077738746097752,68.3281,9.01106,1.6,0.1529,7,5.488,17.348999999999997,23.116,33.75599999999999,58.244,86.744,89.81000000000002,116.916,180.0,0,11,65,21,0,0,0,0,0,1,0,0,0,0,0.187
72,20020713,1.618,14.208,90.9083125,0.15,98.96700000000001,68.646,39.6750833333,1.1195128444928375,15.5351,0.184687,1.5875,0.1531,7,0.26899999999999996,5.638,20.851000000000006,25.805999999999997,49.648999999999994,86.00399999999998,88.81299999999996,117.06600000000002,180.0,0,11,65,21,0,0,0,0,0,1,0,0,0,0,0.184
73,20020714,1.651,16.887999999999998,62.34227083333334,0.0,99.396,289.849,189.817375,3.1159733529697355,82.9126,7.053160000000001,1.5750000000000002,0.15330000000000002,7,0.15,0.269,17.499000000000002,23.266,46.144,75.116,87.81700000000002,117.06600000000002,180.0,0,11,65,21,0,0,0,0,0,1,0,0,0,0,0.185
74,20020715,1.276,16.482,71.98731249999999,0.0,99.07799999999999,212.512,119.01110869600001,2.4321496384430965,62.8448,7.05702,1.5625,0.1535,7,0.0,0.15,5.638,20.851,33.906,69.982,87.162,117.06600000000002,180.0,0,11,65,21,0,0,0,0,0,1,0,0,0,0,0.19399999999999998
75,20020716,1.097,15.364,81.60733333333333,0.7140000000000001,98.775,188.5,116.66414583299999,2.248792870065592,33.9756,3.65885,1.55,0.1537,7,0.7140000000000001,0.7140000000000001,0.983,18.213,26.52,63.54,87.796,117.17700000000002,180.0,0,11,65,21,0,0,0,0,0,1,0,0,0,0,0.18100000000000002
76,20020717,0.9390000000000001,16.945,67.10633333333334,0.0,98.68700000000001,271.877,187.61175,2.96167513472978,78.3122,5.87591,1.5375,0.1539,7,0.7140000000000001,0.7140000000000001,0.8640000000000001,6.352,23.98,59.108,87.60799999999998,116.77500000000002,180.0,0,11,65,21,0,0,0,0,0,1,0,0,0,0,0.193
77,20020718,1.824,15.56,82.43916666666667,6.2070000000000025,98.652,144.964,81.3910212766,2.4099311979086058,22.3018,2.65825,1.525,0.1541,7,6.2070000000000025,6.921000000000002,6.921000000000002,7.190000000000002,27.772,56.57000000000001,92.92500000000004,120.94200000000004,180.0,0,11,65,21,0,0,0,0,0,1,0,0,0,0,0.168
78,20020719,1.4769999999999999,14.225,75.73441666666666,0.10099999999999999,98.89,238.761,152.0304375,2.3131208080325614,66.5281,3.17216,1.5125000000000002,0.15430000000000002,7,6.3080000000000025,6.3080000000000025,7.022000000000002,7.172000000000002,24.521000000000004,53.166000000000004,82.13800000000002,103.87900000000003,180.0,0,11,65,21,0,0,0,0,0,1,0,0,0,0,0.184
79,20020720,1.125,15.307,74.78889583333333,0.017,98.275,228.627,135.939361702,2.710021799899121,63.9183,5.79736,1.5,0.1545,7,0.118,6.325000000000002,7.039000000000002,7.039000000000002,12.677000000000005,40.94500000000001,77.02100000000002,100.28300000000004,180.0,0,11,65,21,0,0,0,0,0,1,0,0,0,0,0.171
80,20020723,1.66,16.671,74.82879166666667,1.7269999999999999,97.265,166.614,114.388208333,2.7728598891571075,53.522,5.9714599999999995,1.5,0.159675,7,1.7269999999999999,1.7269999999999999,1.845,8.052000000000003,8.766000000000004,29.617,58.415000000000006,97.57900000000002,180.0,0,11,65,21,0,0,0,0,0,1,0,0,0,0,0.17400000000000002
81,20020724,2.2359999999999998,16.158,90.560125,12.814,96.74799999999999,149.185,100.842520833,3.2426653920598487,5.0468,4.02969,1.5,0.16140000000000002,7,14.540999999999999,14.541,14.558,20.866000000000003,21.58,39.079,67.72399999999999,109.397,180.0,0,11,65,21,0,0,0,0,0,1,0,0,0,0,0.19899999999999998
82,20020725,1.804,16.588,83.99974999999998,4.166,97.229,178.332,105.452191489,2.828691265515325,53.7153,6.53925,1.5,0.16312500000000002,7,16.98,18.707,18.707,18.825,25.746,31.384,59.652,112.908,180.0,0,11,65,21,0,0,0,0,0,1,0,0,0,0,0.206
83,20020726,1.124,15.544,88.38747916666668,1.339,97.064,135.559,86.665125,2.5058048181281487,31.4221,3.87425,1.5,0.16485,7,5.505000000000001,18.319000000000006,20.046000000000006,20.063,26.371,27.354,52.89100000000001,114.167,180.0,0,11,65,21,0,0,0,0,0,1,0,0,0,0,0.16699999999999998
84,20020727,3.3739999999999997,15.252,71.08729166666666,5.9460000000000015,97.5,211.604,134.252658537,2.7994080620304604,38.4117,-0.215021,1.5,0.166575,7,7.285000000000003,11.451000000000002,25.991999999999997,25.992,32.317,33.181,56.297,119.925,180.0,0,11,65,21,0,0,0,0,0,1,0,0,0,0,0.16699999999999998
85,20020728,3.5389999999999997,16.799,62.94666666666666,0.064,98.694,201.96900000000002,96.2185806452,3.2759555203941724,57.226000000000006,4.77586,1.5,0.1683,7,6.0100000000000025,7.349000000000002,24.329,26.056,26.174,33.095,53.94599999999999,119.099,180.0,0,11,65,21,0,0,0,0,0,1,0,0,0,0,0.22399999999999998
86,20020729,3.734,17.801,70.03422916666666,5.178,98.54799999999999,170.497,96.0686041667,2.904615891983553,78.2071,3.56205,1.4875,0.1610125,7,5.242000000000001,11.188000000000002,16.693000000000005,31.234000000000005,31.251000000000005,38.273,55.77200000000001,113.389,180.0,0,11,65,21,0,0,0,0,0,1,0,0,0,0,0.172
87,20020730,2.8539999999999996,14.52,57.03420833333333,0.0,99.35600000000001,274.945,166.90389583299998,2.8011072735764904,83.3398,0.273739,1.475,0.153725,7,5.178,5.242000000000001,12.527000000000005,29.507000000000005,31.234000000000005,38.273,43.911,108.255,180.0,0,11,65,21,0,0,0,0,0,1,0,0,0,0,0.208
88,20020731,1.7480000000000002,13.089,65.23375,0.0,99.251,208.06900000000002,135.6761875,2.296779227051123,54.5266,1.9729,1.4625,0.1464375,7,0.0,5.178,11.188000000000002,16.693000000000005,31.234000000000005,37.55900000000001,38.542,101.09899999999999,180.0,0,11,65,21,0,0,0,0,0,1,0,0,0,0,0.182
89,20020801,2.013,12.42,70.96233333333333,0.0,99.061,235.05599999999998,144.9489375,2.449740532993956,63.9157,0.9259290000000001,1.4500000000000002,0.13915,8,0.0,0.0,5.242000000000001,12.527000000000005,31.234000000000005,37.55900000000001,38.423,96.667,180.0,0,11,65,21,0,0,0,0,0,1,0,0,0,0,0.237
90,20020802,2.228,10.887,71.6965625,0.27899999999999997,99.18,192.74599999999998,132.240695652,2.0464756615397697,44.1213,2.62604,1.4375,0.1318625,8,0.27899999999999997,0.27899999999999997,5.4570000000000025,11.467000000000002,29.785999999999998,31.631,38.552,88.20099999999998,180.0,0,11,65,21,0,0,0,0,0,1,0,0,0,0,0.2
91,20020803,2.221,10.168,74.0954375,0.218,98.931,154.618,90.0385625,2.3509199540802475,36.4531,-2.2966900000000003,1.425,0.124575,8,0.4970000000000001,0.4970000000000001,0.4970000000000001,5.739,17.190000000000005,31.748000000000005,38.77,84.91399999999999,180.0,0,11,65,21,0,0,0,0,0,1,0,0,0,0,0.204
92,20020804,3.1889999999999996,9.429,74.4814375,0.0,99.07799999999999,143.481,89.02325,1.7269759783619765,48.8488,-0.912854,1.4125,0.1172875,8,0.218,0.4970000000000001,0.4970000000000001,5.675,13.024000000000004,31.731000000000005,38.77,72.67599999999999,180.0,0,11,65,21,0,0,0,0,0,1,0,0,0,0,0.183
93,20020805,1.8430000000000002,9.537,77.31085416666667,0.0,99.26,95.569,57.4411458333,1.313205397805167,21.0854,-0.300375,1.4,0.11,8,0.0,0.218,0.4970000000000001,0.4970000000000001,11.685000000000002,31.731000000000005,38.056,64.57600000000001,180.0,0,11,65,21,0,0,0,0,0,1,0,0,0,0,0.198
94,20020806,2.106,11.8,75.440375,0.0,98.777,164.36599999999999,101.42925,3.00386858756797,50.5079,3.6343099999999997,1.375,0.1105625,8,0.0,0.0,0.4970000000000001,0.4970000000000001,5.739,31.731000000000005,38.056,62.036,180.0,0,11,65,21,0,0,0,0,0,1,0,0,0,0,0.198
95,20020807,1.18,11.187999999999999,82.443625,0.778,98.693,106.53200000000001,73.87708333329998,1.6031763191524262,-12.6458,3.49862,1.35,0.111125,8,0.778,0.778,0.996,1.275,6.4529999999999985,30.782000000000004,32.626999999999995,60.398999999999994,180.0,0,11,65,21,0,0,0,0,0,1,0,0,0,0,0.198
96,20020808,0.91,12.853,89.16243750000002,2.176,98.58200000000001,94.824,65.9687708333,2.431166190536524,-53.9532,4.4814,1.3250000000000002,0.1116875,8,2.9539999999999997,2.954,2.9539999999999997,3.451,3.451,20.144000000000002,34.702,59.22299999999999,180.0,0,11,65,21,0,0,0,0,0,1,0,0,0,0,0.18100000000000002
97,20020809,1.6869999999999998,15.321,82.02027083333333,1.568,98.471,124.66,89.28995833329998,3.9099528798930536,60.6029,6.03908,1.3,0.11225,8,3.7439999999999998,4.522,4.522,4.74,5.019,17.546,36.25299999999999,48.92999999999999,180.0,0,11,65,21,0,0,0,0,0,1,0,0,0,0,0.177
98,20020810,1.028,15.343,79.45275,0.064,98.271,185.333,116.9675,4.088507370214987,-1.48663,4.47283,1.275,0.1128125,8,1.632,3.8080000000000003,4.586,4.586,5.083,16.271,36.317,43.625,180.0,0,11,65,21,0,0,0,0,0,1,0,0,0,0,0.19899999999999998
99,20020811,2.072,11.405,73.78047916666667,0.0,97.95200000000001,241.865,150.4481875,3.849091344673125,-11.8976,1.1876200000000001,1.25,0.113375,8,0.064,1.632,4.586,4.586,5.083,10.325,36.317,43.506,180.0,0,11,65,21,0,0,0,0,0,1,0,0,0,0,0.18100000000000002
100,20020812,1.042,10.800999999999998,75.47139583333335,0.0,98.18700000000001,205.898,125.13133333299999,3.697033452083525,-9.972489999999999,1.14394,1.225,0.1139375,8,0.0,0.064,3.808,4.586,4.803999999999999,10.261,34.59,43.356,180.0,0,11,65,21,0,0,0,0,0,1,0,0,0,0,0.198
101,20020813,0.995,12.482000000000001,75.78333333333333,0.0,98.455,221.912,137.656041667,3.5498101159137603,50.6547,1.9255799999999998,1.2000000000000002,0.1145,8,0.0,0.0,1.632,4.586,4.586,5.083,21.776,43.356,180.0,0,11,65,21,0,0,0,0,0,1,0,0,0,0,0.168
102,20020814,1.405,13.03,92.8506875,1.2919999999999998,98.346,59.48,37.189458333299996,2.930152160756616,-67.5713,1.34985,1.1875,0.1135375,8,1.2919999999999998,1.2919999999999998,1.356,5.1,5.877999999999999,6.375,18.902,44.648,180.0,0,11,65,21,0,0,0,0,0,1,0,0,0,0,0.163
103,20020815,2.6439999999999997,13.642999999999999,92.93960416666668,9.581,98.395,58.173,41.5103125,3.0361139825040104,-90.1851,2.20788,1.175,0.112575,8,10.873,10.873,10.873,12.505,15.459000000000001,15.956,27.144,53.515,180.0,0,11,65,21,0,0,0,0,0,1,0,0,0,0,0.19899999999999998
104,20020816,1.415,12.908,80.48872916666666,0.165,99.28299999999999,214.476,139.610083333,3.363511588793564,16.8421,2.2831900000000003,1.1625,0.1116125,8,9.746,11.037999999999998,11.037999999999998,11.102,15.624,16.121,21.363000000000003,53.68,180.0,0,11,65,21,0,0,0,0,0,1,0,0,0,0,0.207
105,20020817,1.188,14.456,72.89699999999998,0.0,99.353,205.551,133.80527083299998,2.996904295574997,41.2607,3.71708,1.15,0.11065,8,0.165,9.746,11.037999999999998,11.037999999999998,14.845999999999998,15.842,21.299,47.473,180.0,0,11,65,21,0,0,0,0,0,1,0,0,0,0,0.19399999999999998
106,20020820,1.588,11.819,76.89829166666667,0.0,99.20100000000001,166.908,92.07617021280001,2.52328970545528,-11.1594,0.894229,1.1125,0.1077625,8,0.193,1.845,2.01,12.883,12.883,17.468999999999998,17.965999999999994,49.2,180.0,0,11,65,21,0,0,0,0,0,1,0,0,0,0,0.191
107,20020821,1.381,14.584000000000001,79.8024375,0.0,99.09100000000001,167.362,105.04135416700001,2.2702956643870107,26.5962,3.30096,1.1,0.1068,8,0.0,0.193,1.845,11.591,12.883,17.468999999999998,17.965999999999994,49.2,180.0,0,11,65,21,0,0,0,0,0,1,0,0,0,0,0.18600000000000005
108,20020822,1.3880000000000001,17.963,76.89864583333333,0.0,99.098,182.305,115.0974375,2.3126418340309334,31.6054,5.43708,1.0875,0.1018125,8,0.0,0.0,1.845,2.01,12.883,16.691,17.686999999999994,47.473,180.0,0,11,65,21,0,0,0,0,0,1,0,0,0,0,0.18600000000000005
109,20020823,2.259,18.503,80.74135416666667,3.615,99.258,152.359,110.6514375,2.395724925179485,53.7907,4.51773,1.075,0.096825,8,3.615,3.615,3.808,5.46,16.497999999999998,18.13,21.084,38.274,180.0,0,11,65,21,0,0,0,0,0,1,0,0,0,0,0.208
110,20020904,2.137,9.792,75.81229166666667,2.946,98.90100000000001,112.14,63.0303125,1.5790544882685715,20.8244,-2.75179,0.8500000000000001,0.046875,9,3.815,5.4190000000000005,14.664,33.565000000000005,35.23499999999999,39.081,41.091,56.55,180.0,0,11,65,21,0,0,0,0,0,1,0,0,0,0,0.225
111,20020905,1.778,12.373,92.07364583333332,4.167,98.13600000000001,51.287,34.35125,1.6352443850802143,6.02945,4.0495800000000015,0.8250000000000001,0.0435375,9,7.113,7.9819999999999975,15.111,37.58,39.227,43.24800000000001,45.093,60.717,180.0,0,11,65,21,0,0,0,0,0,1,0,0,0,0,0.17
112,20020906,2.4019999999999997,12.86,94.148,10.902000000000001,97.155,46.82100000000001,24.8425833333,1.611413124597645,-15.6488,2.97973,0.8,0.0402,9,15.069,18.015,20.488000000000003,29.733,50.129,54.15,55.995,70.84100000000002,180.0,0,11,65,21,0,0,0,0,0,1,0,0,0,0,0.196
113,20020907,2.016,6.5489999999999995,85.65266666666669,3.793,97.84,69.922,47.1081041667,0.9909880859642812,-17.3285,-5.428059999999999,0.8,0.0381875,9,14.695,18.862000000000002,22.677000000000003,29.806000000000004,52.42700000000001,54.328,58.136,72.458,180.0,0,11,65,21,0,0,0,0,0,1,0,0,0,0,0.19699999999999998
114,20020908,1.495,5.066,87.81897916666668,0.155,98.84100000000001,63.465,26.2175625,0.8306297960784932,-7.293260000000001,-7.2149600000000005,0.8,0.036175,9,3.948,14.85,21.963,24.436000000000003,52.42999999999999,54.478,58.09799999999999,71.045,180.0,0,11,65,21,0,0,0,0,0,1,0,0,0,0,0.184
115,20020909,2.7510000000000003,8.565,80.50741666666666,1.341,98.63799999999999,74.438,49.2366341463,0.9077484282933392,-4.02269,-1.5045600000000001,0.8,0.0341625,9,1.496,5.289,20.358,24.173000000000005,35.022,55.593,59.43899999999999,72.322,180.0,0,11,65,21,0,0,0,0,0,1,0,0,0,0,0.21
116,20020912,1.2,8.722999999999999,87.83060416666666,0.7290000000000001,99.315,56.402,7.068906976739999,1.4277889153678989,-44.0428,0.06470830000000001,0.8,0.028125,9,0.7290000000000001,0.7290000000000001,2.225,16.92,24.902000000000005,54.65200000000001,56.553000000000004,73.051,180.0,0,11,65,21,0,0,0,0,0,1,0,0,0,0,0.212
117,20020913,2.043,8.57,98.2958125,7.372000000000001,98.163,22.62,37.8881875,1.74830368855515,-49.646,-0.204479,0.8,0.0261125,9,8.101,8.101,9.442,13.39,31.405000000000005,61.87200000000001,63.92,79.13100000000001,180.0,0,11,65,21,0,0,0,0,0,1,0,0,0,0,0.207
118,20020914,4.269,5.186,81.3009375,1.069,98.59200000000001,72.101,81.9383333333,2.3101295787315457,-17.1528,-7.43106,0.8,0.0241,9,8.441,9.170000000000002,9.170000000000002,10.666,29.528000000000002,44.19199999999999,64.76299999999999,70.61899999999999,180.0,0,11,65,21,0,0,0,0,0,1,0,0,0,0,0.302
119,20020915,1.494,2.263,75.96247916666667,0.303,98.676,110.376,60.3914375,1.4261262548816276,-0.13153099999999998,-10.2351,0.7875000000000001,0.0235875,9,1.372,8.744,9.473,10.813999999999998,25.663999999999994,40.77499999999999,64.89099999999999,70.75699999999998,180.0,0,11,65,21,0,0,0,0,0,1,0,0,0,0,0.266
120,20020916,2.46,5.277,90.6520625,2.8760000000000003,97.375,25.87,14.076075,1.146790626199463,1.9725700000000002,-1.70052,0.775,0.023075,9,3.1790000000000003,4.248,12.349,12.349,17.637999999999995,38.126,67.767,73.633,180.0,0,11,65,21,0,0,0,0,0,1,0,0,0,0,0.258
121,20020918,3.1639999999999997,2.825,80.32345833333333,0.49,97.59100000000001,75.78399999999998,90.9662432432,1.455514782138044,-0.584521,-7.7058300000000015,0.75,0.02205,9,1.307,4.183,5.555,13.655999999999999,14.996999999999998,36.96,67.42699999999999,73.09499999999998,180.0,0,11,65,21,0,0,0,0,0,1,0,0,0,0,0.24
122,20020919,2.342,0.8959999999999999,81.43920833333333,0.466,98.204,65.35600000000001,12.2309230769,1.1135013369436109,8.49188,-7.92638,0.7375,0.0215375,9,0.956,1.7730000000000001,4.952000000000001,13.393,14.122,34.48,49.14399999999999,73.56099999999998,180.0,0,11,65,21,0,0,0,0,0,1,0,0,0,0,0.266
123,20020926,1.2830000000000001,0.27399999999999997,91.72054166666665,0.38299999999999995,98.241,48.591,17.6675,0.9366119268212156,-3.84974,-4.7331,0.7000000000000001,0.01875,9,1.5570000000000002,9.655,9.892000000000001,10.169,11.941999999999998,24.291,29.58,79.709,180.0,0,11,65,21,0,0,0,0,0,1,0,0,0,0,0.258
124,20020927,1.955,2.247,89.10968749999998,0.0,98.58,49.00100000000001,13.4305625,0.8341475524136595,-14.7175,-2.28638,0.7000000000000001,0.0184375,9,0.38299999999999995,1.5570000000000002,9.655,9.892,11.124999999999998,23.561999999999998,25.787,78.214,180.0,0,11,65,21,0,0,0,0,0,1,0,0,0,0,0.258
125,20020928,3.261,3.904,95.13827083333337,7.265,97.365,15.7,3.94970833333,0.9746984230661806,-46.2471,0.380208,0.7000000000000001,0.018125,9,7.265,7.648,16.919999999999998,17.156999999999996,17.9,23.455,32.897,85.32700000000001,180.0,0,11,65,21,0,0,0,0,0,1,0,0,0,0,0.258
126,20020929,2.151,2.522,89.12539583333334,2.225,97.256,87.301,40.4449375,1.463406506225849,5.56049,-4.28408,0.7000000000000001,0.017812500000000002,9,9.49,9.49,11.047,19.145,19.659000000000002,24.611,33.781,68.803,180.0,0,11,65,21,0,0,0,0,0,1,0,0,0,0,0.28800000000000003
127,20020930,1.4880000000000002,0.3720000000000001,90.7610625,0.8909999999999999,98.031,36.418,11.415229166700001,0.6648094250325944,-9.32203,-4.25204,0.7000000000000001,0.0175,9,3.116,10.380999999999998,10.764000000000001,20.035999999999998,20.273,25.199,34.672,65.97399999999999,180.0,0,11,65,21,0,0,0,0,0,1,0,0,0,0,0.205
128,20021001,2.113,-0.956,86.88843750000002,0.414,98.301,63.655,23.0532083333,0.4980938635086285,5.60761,-7.158869999999999,0.6875,0.0178625,10,1.305,3.53,10.795,12.352,20.687,22.736999999999995,35.086,60.863,180.0,0,11,65,21,0,0,0,0,0,1,0,0,0,0,0.212
129,20021002,3.44,-0.621,80.1458125,1.463,98.05799999999999,66.971,9.39485416667,0.8304890044791511,7.6459800000000016,-6.09617,0.675,0.018225,10,1.8769999999999998,2.768,12.258,12.640999999999998,21.913,23.38300000000001,35.82,60.722,180.0,0,11,65,21,0,0,0,0,0,1,0,0,0,0,0.217
130,20021003,4.8260000000000005,0.396,69.33097916666667,0.166,98.329,63.375,7.70316666667,0.5844389230472233,1.22424,-5.56519,0.6625000000000001,0.0185875,10,1.629,2.043,5.159000000000002,12.424,22.079,23.059,28.614,60.019,180.0,0,11,65,21,0,0,0,0,0,1,0,0,0,0,0.198
131,20021004,2.715,-0.504,77.78016666666667,0.239,98.421,61.625,19.382270833299998,0.4188778795001977,7.70931,-5.2716,0.65,0.01895,10,0.405,1.868,3.173,12.663,14.22,22.831999999999997,27.784000000000002,57.31200000000001,180.0,0,11,65,21,0,0,0,0,0,1,0,0,0,0,0.198
132,20021005,3.2430000000000003,0.467,67.67310416666668,0.055999999999999994,98.899,28.685,6.8344375,0.5020542034287251,-9.56985,-4.47256,0.6375000000000001,0.0193125,10,0.295,0.461,2.338,5.4540000000000015,13.102,22.611,27.537,53.201,180.0,0,11,65,21,0,0,0,0,0,1,0,0,0,0,0.214
133,20021006,2.8339999999999996,0.625,67.4593125,0.284,99.275,19.34,2.81645833333,0.3930660436308513,-10.3506,-3.842330000000002,0.625,0.019675,10,0.34,0.579,2.208,3.5130000000000003,13.003,22.895,24.945,42.583,180.0,0,11,65,21,0,0,0,0,0,1,0,0,0,0,0.214
134,20021007,2.18,0.9329999999999999,80.26299999999998,0.09300000000000001,99.53200000000001,45.333999999999996,18.3129375,0.4060347792657041,1.33741,-3.44835,0.6125,0.0200375,10,0.377,0.433,0.838,2.7150000000000003,13.095999999999998,22.750999999999998,24.221,38.883,180.0,0,11,65,21,0,0,0,0,0,1,0,0,0,0,0.214
135,20021008,2.319,3.2769999999999997,90.4285,0.82,99.73,22.166,10.15175,0.43626525188644943,-3.4784900000000003,-0.606604,0.6000000000000001,0.0204,10,0.913,1.1969999999999998,1.492,3.1210000000000004,6.651,23.570999999999998,24.551,39.548,180.0,0,11,65,21,0,0,0,0,0,1,0,0,0,0,0.2
136,20021009,2.5789999999999997,4.266,97.35347916666666,3.355,99.83200000000001,19.385,11.993,0.7990550006639251,-17.1999,5.20894,0.6000000000000001,0.0193,10,4.175,4.268,4.6080000000000005,5.013,7.7810000000000015,18.828,27.44,41.562,180.0,0,11,65,21,0,0,0,0,0,1,0,0,0,0,0.19399999999999998
137,20021010,2.551,3.032,87.49789583333335,0.38799999999999996,100.162,34.929,8.301354166669999,0.6211385769727817,-6.8650600000000015,-0.536271,0.6000000000000001,0.0182,10,3.7430000000000003,4.563,4.94,5.234999999999999,7.278,18.042,27.550999999999995,41.95,180.0,0,11,65,21,0,0,0,0,0,1,0,0,0,0,0.198
138,20021011,1.8780000000000001,2.384,87.14029166666666,0.053,100.42,30.81900000000001,10.918083333299998,0.2365971427136414,0.249144,-0.344979,0.6000000000000001,0.0171,10,0.441,3.796,4.709,5.0489999999999995,6.9170000000000025,17.712,27.604,42.00299999999999,180.0,0,11,65,21,0,0,0,0,0,1,0,0,0,0,0.187
139,20021012,1.229,1.8019999999999998,90.55762500000002,0.098,100.741,33.529,15.6100416667,0.2733908084244683,9.07828,-0.908917,0.6000000000000001,0.016,10,0.151,0.5389999999999999,4.7139999999999995,5.091,5.5520000000000005,17.81,27.465,41.37199999999999,180.0,0,11,65,21,0,0,0,0,0,1,0,0,0,0,0.187
140,20021013,1.2770000000000001,0.591,94.42568749999998,0.193,100.764,26.003,14.3410416667,0.2955215520689346,6.638210000000001,-1.2629,0.6000000000000001,0.0149,10,0.29100000000000004,0.34400000000000003,4.087,5.0,5.579,10.738,27.658,34.193000000000005,180.0,0,11,65,21,0,0,0,0,0,1,0,0,0,0,0.2
141,20021014,1.859,-1.055,85.37356249999998,0.133,100.37,20.239,7.623875,0.3087174281514087,4.4654300000000005,-4.1154,0.6000000000000001,0.013800000000000002,10,0.326,0.424,0.865,5.04,5.473,8.645999999999999,19.693,33.25699999999999,180.0,0,11,65,21,0,0,0,0,0,1,0,0,0,0,0.2
142,20021015,2.18,-2.886,83.709625,0.017,99.11200000000001,16.315,-0.05064583333330002,0.2149756947773392,8.36231,-4.19942,0.6000000000000001,0.0127,10,0.15000000000000002,0.343,0.4940000000000001,4.237,5.434,7.772,18.536,32.971,180.0,0,11,65,21,0,0,0,0,0,1,0,0,0,0,0.2
143,20021016,2.351,-4.4460000000000015,81.31314583333334,0.6579999999999999,97.666,30.288,-11.6184791667,0.3263332018103441,-2.2259900000000004,-4.37629,0.6000000000000001,0.0116,10,0.6749999999999999,0.8079999999999999,1.099,1.5399999999999998,5.808,8.016,18.811,30.753,180.0,0,11,65,21,0,0,0,0,0,1,0,0,0,0,0.25
144,20021017,1.804,-8.327,83.5465,0.142,97.441,61.299,-0.2388125,0.1371877984676476,0.733448,-11.2504,0.5875,0.01095,10,0.7999999999999999,0.8170000000000001,1.143,1.294,5.857,6.695,18.953,30.07800000000001,180.0,0,11,65,21,0,0,0,0,0,1,0,0,0,0,0.244
145,20021018,1.5119999999999998,-7.945,84.51052083333333,0.244,97.161,51.815,-1.8549166666699999,0.08063013233149767,-2.0608299999999997,-14.8456,0.5750000000000001,0.0103,10,0.386,1.044,1.194,1.485,5.2810000000000015,6.773,11.932,29.831999999999997,180.0,0,11,65,21,0,0,0,0,0,1,0,0,0,0,0.244
146,20021019,2.004,-8.956,89.93537499999998,0.0,97.205,47.597,7.795270833330001,0.05158588022019703,0.24287199999999998,-13.8902,0.5625,0.00965,10,0.244,0.386,1.061,1.3869999999999998,1.926,6.534,9.707,29.366,180.0,0,11,65,21,0,0,0,0,0,1,0,0,0,0,0.244
147,20021020,1.835,-6.8770000000000024,90.20697916666668,0.0,97.837,13.67,3.32529166667,0.05245464817649673,3.34715,-6.51158,0.55,0.009000000000000001,10,0.0,0.244,1.044,1.194,1.538,6.478,8.816,29.088999999999995,180.0,0,11,65,21,0,0,0,0,0,1,0,0,0,0,0.244
148,20021021,1.5719999999999998,-4.8260000000000005,91.3631875,1.265,98.544,13.415999999999999,-1.7898541666699999,0.03927195133757692,-1.6481299999999999,-3.60875,0.5375,0.00835,10,1.265,1.265,1.6509999999999998,2.326,2.75,7.459,9.667000000000002,30.354,180.0,0,11,65,21,0,0,0,0,0,1,0,0,0,0,0.244
149,20021022,1.9509999999999998,-8.396,89.54025000000001,0.01,98.494,14.14,4.06197916667,0.011927588893540049,0.781486,-5.29442,0.525,0.0077,10,1.275,1.275,1.5190000000000001,2.319,2.662,7.375999999999999,8.214,30.126999999999995,180.0,0,11,65,21,0,0,0,0,0,1,0,0,0,0,0.244
150,20021024,1.629,-5.983,91.2159375,0.0,97.449,14.559000000000001,-8.77625,0.02876563823673528,1.52686,-4.66085,0.5,0.0064,10,0.0,0.01,1.275,1.519,2.336,3.201,7.808999999999997,22.029,180.0,0,11,65,21,0,0,0,0,0,1,0,0,0,0,0.244
151,20021108,1.127,-19.795,80.82704166666666,0.05,98.574,6.789,-0.582979166667,0.03099581507291873,8.89316,-8.814689999999997,0.4125,0.0051875,11,0.223,1.834,3.372,3.678,4.356,15.866,17.141,19.067,180.0,0,11,65,21,0,0,0,0,0,1,0,0,0,0,0.25
152,20021112,3.531,-3.897,92.179125,1.208,97.69200000000001,2.889,-3.50872916667,0.04441968028761138,15.3149,-2.22727,0.28750000000000003,0.0049125,11,1.225,1.644,2.096,3.88,5.675,9.711,17.912000000000006,20.381,180.0,0,11,65,21,0,0,0,0,0,1,0,0,0,0,0.251
153,20021114,1.8,-3.8,92.641,0.769,97.23700000000001,3.872,-7.426375,0.02661237605649409,8.1722,-1.3335,0.2125,0.0047875,11,1.023,2.231,2.667,3.1189999999999998,6.1610000000000005,6.93,17.204,21.254000000000005,180.0,0,11,65,21,0,0,0,0,0,1,0,0,0,0,0.251
154,20021115,1.595,-5.959,91.34299999999999,0.461,97.555,3.647,-6.94020833333,0.019040509329450703,-1.0127899999999999,-1.12398,0.17500000000000002,0.004725,11,1.23,1.484,2.7089999999999996,3.53,5.364,7.33,13.286,21.057,180.0,0,11,65,21,0,0,0,0,0,1,0,0,0,0,0.251
155,20021116,2.184,-7.212999999999999,89.28468750000002,1.261,97.671,2.84,-0.416270833333,0.015897481748015682,4.8956800000000005,-1.73333,0.1375,0.0046625,11,1.722,2.491,3.953,4.3889999999999985,5.013999999999999,8.469,14.061,22.176,180.0,0,11,65,21,0,0,0,0,0,1,0,0,0,0,0.25
156,20021117,1.306,-6.0089999999999995,91.95625,1.7309999999999999,97.637,2.852,-0.0749166666667,0.008086868574386214,-0.340204,-1.1914200000000001,0.1,0.0046,11,2.992,3.4530000000000003,4.475999999999999,5.7010000000000005,6.571999999999999,10.151,14.186999999999998,23.663,180.0,0,11,65,21,0,0,0,0,0,1,0,0,0,0,0.244
157,20021118,1.55,-6.718,91.83891666666666,1.986,97.76700000000001,2.36,-3.42858333333,0.0067225482688519,-0.353567,-0.768667,0.1,0.0045000000000000005,11,3.717,4.978,6.2079999999999975,7.67,8.508,11.88,12.864,25.649000000000004,180.0,0,11,65,21,0,0,0,0,0,1,0,0,0,0,0.244
158,20021119,1.625,-8.134,90.93189583333331,0.22,99.189,2.2640000000000002,-5.4916875,0.08436601416506079,-0.55734,-1.08875,0.1,0.0044,11,2.206,3.937,5.6590000000000025,6.682,8.326,11.82,12.589,25.869000000000003,180.0,0,11,65,21,0,0,0,0,0,1,0,0,0,0,0.244
159,20021120,1.228,-20.223,81.10620833333333,0.0,99.75399999999999,3.215,-1.3254583333299998,0.11518412971484825,-3.0345299999999997,-2.87856,0.1,0.0043,11,0.22,2.206,5.1979999999999995,6.428,7.907000000000001,10.562000000000001,12.528,24.60400000000001,180.0,0,11,65,21,0,0,0,0,0,1,0,0,0,0,0.244
160,20021121,1.4040000000000001,-21.656,79.65279166666666,0.126,99.68799999999999,2.786,-0.18833333333299998,0.05260484129985618,-1.92251,-4.1044,0.1,0.004200000000000001,11,0.126,0.34600000000000003,4.063,5.785,8.016,9.077,12.532,24.72,180.0,0,11,65,21,0,0,0,0,0,1,0,0,0,0,0.244
161,20021122,0.909,-18.47,81.94583333333334,0.36200000000000004,99.70200000000001,2.748,0.592604166667,0.053157705564948206,1.5734,-3.67246,0.1,0.0041,11,0.488,0.488,2.694,5.686,7.17,9.266,12.845,25.082,180.0,0,11,65,21,0,0,0,0,0,1,0,0,0,0,0.244
162,20021124,1.474,-7.9289999999999985,92.06808333333332,0.313,99.75299999999999,1.05,0.135125,0.016600359411216584,0.0828456,-1.52652,0.1,0.0039,11,0.51,0.8720000000000001,0.998,3.204,6.657,9.324000000000002,12.818,23.861,180.0,0,11,65,21,0,0,0,0,0,1,0,0,0,0,0.244
163,20021125,1.63,-12.03,88.00277083333332,0.321,99.10700000000001,1.415,0.346916666667,0.008070103864681473,-1.91631,-1.87294,0.1,0.0038,11,0.634,0.831,1.319,1.539,6.517,9.226,11.881000000000002,19.803,180.0,0,11,65,21,0,0,0,0,0,1,0,0,0,0,0.244
164,20021126,1.344,-8.597000000000001,91.27570833333333,0.616,98.29,1.3359999999999999,0.147354166667,0.03158691237397624,0.00302624,-1.9757099999999999,0.1,0.005275,11,0.937,1.25,1.809,1.935,5.872000000000001,9.825,10.886,19.933,180.0,0,11,65,21,0,0,0,0,0,1,0,0,0,0,0.244
165,20021127,1.699,-6.944,92.94583333333333,0.997,98.40899999999999,0.878,0.0079375,0.018645034816565608,0.69923,-0.8867290000000001,0.1,0.00675,11,1.6130000000000002,1.934,2.444,2.932,5.138,9.613999999999999,11.71,19.325,180.0,0,11,65,21,0,0,0,0,0,1,0,0,0,0,0.244
166,20021128,1.3419999999999999,-24.8,75.9755625,0.001,100.387,1.932,1.04204166667,0.0009552712390611764,0.243693,-3.3125400000000003,0.1,0.008225,11,0.998,1.614,2.248,2.807,3.153,9.361,11.661,16.017,180.0,0,11,65,21,0,0,0,0,0,1,0,0,0,0,0.244
167,20021129,1.2819999999999998,-32.194,68.88029166666666,0.0,101.574,1.636,0.7264375,0.0011526350555368988,0.345629,-6.52404,0.1,0.0097,11,0.001,0.998,1.935,2.445,2.9330000000000003,8.592,11.259,15.521999999999998,180.0,0,11,65,21,0,0,0,0,0,1,0,0,0,0,0.25
168,20021201,3.109,-14.363,85.66666666666667,0.385,100.12299999999999,0.852,-0.0336666666667,0.002938078344933668,0.165635,-3.8819999999999997,0.1,0.01265,12,0.43,0.43,1.4280000000000002,2.365,3.2370000000000005,7.3000000000000025,11.253,15.768999999999998,180.0,0,11,65,21,0,0,0,0,0,1,0,0,0,0,0.25
169,20021202,1.565,-17.453,82.79929166666666,0.213,99.214,0.76,-0.106145833333,0.004587078194607501,0.271885,-2.52015,0.1,0.014125,12,0.598,0.643,0.644,2.257,3.0880000000000005,5.782000000000001,10.258,15.933,180.0,0,11,65,21,0,0,0,0,0,1,0,0,0,0,0.25
170,20021203,1.005,-13.307,86.63747916666668,0.162,99.65700000000001,0.547,0.17429166666700002,0.010732075599951887,0.283408,-2.62575,0.1,0.0156,12,0.375,0.76,0.805,1.803,3.0530000000000004,3.9580000000000006,10.166,15.838,180.0,0,11,65,21,0,0,0,0,0,1,0,0,0,0,0.25
171,20021208,1.5030000000000001,-10.62,89.42222916666668,0.28600000000000003,100.994,0.552,-0.0089375,0.009783142786380985,0.813823,-1.10869,0.1,0.0146,12,0.6380000000000001,0.943,1.321,1.696,2.126,4.374,5.279,13.786999999999995,180.0,0,11,65,21,0,0,0,0,0,1,0,0,0,0,0.244
172,20021209,1.8019999999999998,-13.579,86.56808333333332,0.4970000000000001,100.05799999999999,0.977,0.077,0.004212311054722156,0.9743709999999999,-2.52304,0.1,0.0144,12,0.7830000000000001,1.1350000000000002,1.5819999999999999,1.98,2.623,4.558,5.556,13.881999999999998,180.0,0,11,65,21,0,0,0,0,0,1,0,0,0,0,0.244
173,20021214,1.768,-12.694,87.90070833333334,0.083,99.294,0.493,1.7550625,0.0008242659441633414,0.294796,-2.4414599999999997,0.1,0.0129125,12,0.14700000000000002,0.483,8.084,8.866999999999997,9.666,10.707,12.641999999999998,19.299,180.0,0,11,65,21,0,0,0,0,0,1,0,0,0,0,0.244
174,20021215,1.849,-11.145,88.22427083333334,0.009000000000000001,99.354,0.285,-1.87272916667,0.0016396691650237085,0.44706999999999997,-2.96413,0.1,0.01255,12,0.092,0.156,6.541,8.59,9.533,10.671,12.329999999999998,18.847,180.0,0,11,65,21,0,0,0,0,0,1,0,0,0,0,0.244
175,20021216,2.461,-7.747000000000001,91.64864583333332,0.395,99.06,0.205,-1.9870625,0.0005928703159121718,0.20216900000000002,-2.15577,0.1,0.0121875,12,0.40399999999999997,0.48700000000000004,0.887,8.488,9.623,10.681,12.108999999999998,17.980999999999995,180.0,0,11,65,21,0,0,0,0,0,1,0,0,0,0,0.244
176,20021217,3.491,-7.3870000000000005,89.90477083333332,0.679,97.27600000000001,0.36200000000000004,-1.52033333333,0.0017900587445789985,-0.24429,-0.9858540000000001,0.1,0.011825,12,1.074,1.083,1.23,7.6149999999999975,9.95,11.147,11.791,16.929000000000002,180.0,0,11,65,21,0,0,0,0,0,1,0,0,0,0,0.244
177,20021218,4.688,-6.3229999999999995,75.73287499999998,0.9640000000000001,96.594,0.386,-35.2489375,0.00260697956864173,-0.267384,-0.657208,0.1,0.0114625,12,1.643,2.0380000000000003,2.1300000000000003,2.53,10.628,11.949000000000002,12.754000000000001,15.906999999999998,180.0,0,11,65,21,0,0,0,0,0,1,0,0,0,0,0.244
178,20021219,2.09,-17.813,79.04364583333334,2.303,97.096,0.221,-17.4352291667,0.0007143739404350804,-0.188132,-1.55683,0.1,0.0111,12,3.267,3.946,4.35,4.497,12.434,14.015999999999998,15.057,17.99,180.0,0,11,65,21,0,0,0,0,0,1,0,0,0,0,0.244
179,20021221,2.7460000000000004,-14.458,84.32289583333333,0.0,97.12700000000001,0.17,-2.49704166667,0.0024060902286061232,1.21743,-2.19971,0.1,0.01075,12,0.33799999999999997,2.641,4.284,4.6880000000000015,5.171000000000001,13.907,14.965000000000002,18.202,180.0,0,11,65,21,0,0,0,0,0,1,0,0,0,0,0.244
180,20021227,0.9009999999999999,-30.171,70.50729166666666,0.055,99.133,0.39,-1.3031666666700001,0.007243809537283196,3.55934,-4.30432,0.1,0.0097,12,0.63,0.63,0.63,0.63,4.2349999999999985,5.4650000000000025,14.185,16.026000000000003,180.0,0,11,65,21,0,0,0,0,0,1,0,0,0,0,0.244
181,20021228,0.995,-31.101,69.46860416666668,0.045,99.015,0.35600000000000004,-0.840125,0.005704890292255493,3.20168,-4.54469,0.1,0.00758,12,0.1,0.6749999999999999,0.6749999999999999,0.6749999999999999,3.3160000000000003,5.4460000000000015,13.944,16.070000000000004,180.0,0,11,65,21,0,0,0,0,0,1,0,0,0,0,0.244
182,20021229,1.063,-31.425,69.09372916666666,0.022000000000000002,98.617,0.5920000000000001,-0.38322916666699997,0.002778678086978629,2.79046,-4.4007,0.1,0.0054600000000000004,12,0.067,0.122,0.6970000000000001,0.6970000000000001,1.035,5.3850000000000025,13.469,16.092000000000002,180.0,0,11,65,21,0,0,0,0,0,1,0,0,0,0,0.244
183,20021230,1.268,-24.023000000000003,76.416375,0.63,97.86,0.442,-0.460583333333,0.006511962795636875,3.04248,-3.9533699999999996,0.1,0.0033400000000000005,12,0.652,0.6970000000000001,1.327,1.327,1.327,6.006,12.547,16.677000000000003,180.0,0,11,65,21,0,0,0,0,0,1,0,0,0,0,0.244
184,20021231,2.189,-24.051,76.40302083333334,0.247,97.595,0.4370000000000001,-0.744875,0.0031405696627705877,3.09553,-4.19665,0.1,0.0012200000000000006,12,0.877,0.899,0.999,1.574,1.574,5.8580000000000005,6.745000000000001,16.538999999999998,180.0,0,11,65,21,0,0,0,0,0,1,0,0,0,0,0.244
185,20030101,2.957,-10.488,88.77081249999998,1.9569999999999999,96.679,0.38799999999999996,-0.35710416666699996,0.0013333971257361251,3.5019699999999996,-2.56981,0.1,-0.0009000000000000002,1,2.204,2.8339999999999996,2.9010000000000002,3.531,3.531,7.136,8.366,18.283,180.0,0,11,65,21,0,0,0,0,0,1,0,0,0,0,0.244
186,20030102,1.8,-11.841,87.98547916666666,0.882,96.66799999999999,0.44799999999999995,-0.372333333333,0.0044592290785202176,2.4500900000000003,-1.30304,0.1,-0.000575,1,2.839,3.0860000000000003,3.738,3.838,4.4129999999999985,7.053999999999999,9.184,19.003,180.0,0,11,65,21,0,0,0,0,0,1,0,0,0,0,0.244
187,20030103,1.262,-21.189,79.43989583333331,0.036000000000000004,97.488,0.48100000000000004,-1.24902083333,0.008635331647911361,2.89839,-2.3164700000000003,0.1,-0.00025,1,0.9179999999999999,2.875,3.752,3.819,4.449,4.787,9.137,18.803,180.0,0,11,65,21,0,0,0,0,0,1,0,0,0,0,0.251
188,20030108,1.886,-22.726,77.79579166666667,2.497,96.89399999999999,0.47,-0.5626875,0.006398380816882638,2.0787299999999997,-3.02312,0.1,0.001375,1,3.5010000000000003,3.535,3.5980000000000003,4.516,7.35,8.046999999999999,8.384999999999998,20.819000000000006,180.0,0,11,65,21,0,0,0,0,0,1,0,0,0,0,0.259
189,20030109,1.5390000000000001,-22.225,78.27506249999998,0.149,98.15799999999999,0.601,-1.8440625,0.013728188987760187,2.03757,-2.11687,0.1,0.0017,1,2.6460000000000004,3.65,3.747,3.783,6.869,8.196,8.196,19.416,180.0,0,11,65,21,0,0,0,0,0,1,0,0,0,0,0.259
190,20030110,1.692,-21.386999999999997,79.04370833333333,0.0,98.844,0.8079999999999999,-1.1023125,0.004935972411419058,2.27542,-2.016,0.1,0.001825,1,0.149,2.6460000000000004,3.684,3.747,6.622000000000001,7.620999999999999,8.196,13.367,180.0,0,11,65,21,0,0,0,0,0,1,0,0,0,0,0.259
191,20030117,1.412,-23.086,77.64995833333333,0.161,96.005,2.875,1.64572916667,0.003204716839868977,1.2699200000000002,-1.02173,0.1,0.0027,1,2.374,3.4610000000000003,4.376,7.5580000000000025,10.204,11.341,15.079000000000002,18.395,180.0,0,11,65,21,0,0,0,0,0,1,0,0,0,0,0.266
192,20030206,0.982,-22.38,78.08752083333333,0.895,98.396,6.474,0.597229166667,4.174952172715153e-05,1.58989,-0.571875,0.1,0.00725,2,1.266,1.5530000000000002,3.378,4.6530000000000005,5.013000000000001,10.145,26.233,36.43700000000001,180.0,0,11,65,21,0,0,0,0,0,1,0,0,0,0,0.273
193,20030211,1.985,-4.8260000000000005,93.12225,0.016,98.756,15.380999999999998,-8.00789583333,0.0005370797304533488,1.51663,0.384979,0.1,0.0112125,2,2.9219999999999997,3.213,4.96,6.226000000000001,8.338000000000001,9.973000000000004,15.105000000000002,35.569,180.0,0,11,65,21,0,0,0,0,0,1,0,0,0,0,0.251
194,20030213,1.828,-2.05,91.36179166666666,2.274,98.59899999999999,12.715,-9.462875,0.006541798029709065,0.660443,0.544479,0.1,0.0114375,2,2.744,2.76,5.9570000000000025,7.7040000000000015,9.257,12.443,15.670000000000002,37.39800000000001,180.0,0,11,65,21,0,0,0,0,0,1,0,0,0,0,0.25
195,20030214,1.54,-3.937,94.9889375,0.7929999999999999,99.72200000000001,12.091,5.951604166669999,0.017468197784645118,-0.179329,0.612354,0.1,0.01155,2,3.0669999999999997,3.537,6.459,8.265,9.763,13.15,15.322,37.104000000000006,180.0,0,11,65,21,0,0,0,0,0,1,0,0,0,0,0.244
196,20030216,3.175,-0.228,86.47016666666669,0.55,98.581,29.618000000000002,5.58645833333,0.03919017247935962,-7.4231300000000005,0.621375,0.1,0.011775,2,0.755,1.548,4.292,7.213999999999999,9.252,12.630000000000004,14.265000000000002,35.48500000000001,180.0,0,11,65,21,0,0,0,0,0,1,0,0,0,0,0.244
197,20030217,2.28,-0.35100000000000003,85.86252083333333,0.221,99.229,13.571,-18.756125,0.021523545283354054,-6.774139999999999,0.6025,0.1,0.0118875,2,0.7709999999999999,0.976,4.043,4.529,9.241,11.973000000000004,14.378000000000002,31.41900000000001,180.0,0,11,65,21,0,0,0,0,0,1,0,0,0,0,0.244
198,20030219,2.425,0.05,71.92089583333333,0.0,98.743,26.164,-23.2072291667,0.016663098950890274,-7.9199800000000025,0.807625,0.1,0.01165,2,0.23199999999999998,0.45299999999999996,1.2080000000000002,4.275,7.6670000000000025,10.970999999999998,14.357999999999999,27.95800000000001,180.0,0,11,65,21,0,0,0,0,0,1,0,0,0,0,0.273
199,20030221,2.513,-4.775,70.92868750000002,0.0,98.416,35.001,-5.831604166669999,0.017855124010143282,-5.9151,0.213292,0.1,0.01095,2,0.0,0.0,0.45299999999999996,1.2080000000000002,4.745,9.705,13.083,19.850000000000005,180.0,0,11,65,21,0,0,0,0,0,1,0,0,0,0,0.259
200,20030226,1.77,-8.248,92.49722916666668,0.17300000000000001,99.395,27.82,8.780375,0.02122457468319632,3.3090800000000002,0.103021,0.1,0.0092,2,0.94,0.94,1.4529999999999998,1.453,1.906,6.198,11.158,16.171000000000006,180.0,0,11,65,21,0,0,0,0,0,1,0,0,0,0,0.251
201,20030228,1.651,-8.572000000000001,83.57083333333333,0.002,98.839,59.498999999999995,-1.40083333333,0.04632036961846573,2.45073,0.220104,0.1,0.0102,2,0.26,0.4330000000000001,1.2,1.713,1.713,3.714,9.671,16.157,180.0,0,11,65,21,0,0,0,0,0,1,0,0,0,0,0.251
202,20030301,1.331,-12.058,83.18885416666667,0.068,99.28,28.316,13.0392083333,0.08931371238277193,4.3099,-0.195104,0.1,0.0107,3,0.07,0.328,1.268,1.781,1.781,2.989,9.448,16.139,180.0,0,11,65,21,0,0,0,0,0,1,0,0,0,0,0.25
203,20030302,1.672,-6.585,90.91597916666667,0.095,98.97,18.512999999999998,8.00441666667,0.06238980346071224,6.60018,-0.412292,0.1,0.0112,3,0.163,0.165,0.5960000000000001,1.3630000000000002,1.876,2.8789999999999996,6.6370000000000005,16.119,180.0,0,11,65,21,0,0,0,0,0,1,0,0,0,0,0.244
204,20030303,1.587,-9.007,86.8618125,0.27899999999999997,99.009,23.368000000000002,7.685270833330001,0.207373302057612,0.8912979999999999,-0.115271,0.1,0.0117,3,0.374,0.442,0.7020000000000001,1.642,2.155,2.608,6.9,15.238,180.0,0,11,65,21,0,0,0,0,0,1,0,0,0,0,0.244
205,20030304,1.732,-8.568,82.53872916666667,0.046,99.30799999999999,66.697,16.2502325581,0.10851824446598186,3.87196,-0.0371458,0.1,0.0122,3,0.325,0.4199999999999999,0.4900000000000001,0.921,2.201,2.4330000000000003,6.476000000000001,14.406000000000002,180.0,0,11,65,21,0,0,0,0,0,1,0,0,0,0,0.244
206,20030305,1.86,-7.353,83.30202083333334,0.175,99.14299999999999,38.335,15.259208333299998,0.16831450907718815,3.9136300000000004,-0.0385833,0.1,0.0127,3,0.221,0.5,0.6629999999999999,0.923,1.8630000000000002,2.376,4.377000000000002,13.634,180.0,0,11,65,21,0,0,0,0,0,1,0,0,0,0,0.244
207,20030306,2.33,-4.5280000000000005,87.73960416666668,0.978,97.965,16.151,6.192104166669999,0.1930876682880163,-10.697000000000001,0.0682708,0.1,0.0132,3,1.153,1.199,1.5730000000000002,1.643,2.841,3.3539999999999996,4.562,14.325,180.0,0,11,65,21,0,0,0,0,0,1,0,0,0,0,0.244
208,20030307,3.6639999999999997,-2.29,88.56599999999996,4.769,97.191,12.993,3.5932083333300002,0.4837643782359999,-22.2814,0.270708,0.1,0.01285,3,5.747000000000001,5.9220000000000015,6.247000000000001,6.4099999999999975,6.842999999999999,8.123,9.126,18.723,180.0,0,11,65,21,0,0,0,0,0,1,0,0,0,0,0.244
209,20030308,2.8339999999999996,-0.06,85.45072916666669,0.067,97.196,37.14,16.424625,0.2772791531617682,-2.7916,0.492625,0.1,0.0125,3,4.836,5.814,6.035,6.409,6.736999999999999,8.19,8.642999999999999,17.895,180.0,0,11,65,21,0,0,0,0,0,1,0,0,0,0,0.244
210,20030309,3.927,-1.0490000000000002,86.92981249999998,0.909,97.209,23.605,10.0500208333,0.32655583189985554,0.039511000000000004,0.721521,0.1,0.01215,3,0.976,5.745,6.898,7.223,7.387999999999999,9.098999999999998,9.330999999999998,18.572,180.0,0,11,65,21,0,0,0,0,0,1,0,0,0,0,0.236
211,20030321,3.427,-5.772,62.47714583333333,0.5529999999999999,98.348,91.839,42.9544166667,0.000549957623080402,0.00553419,0.07983330000000001,0.1,0.0076,3,0.7329999999999999,1.0559999999999998,2.649,4.933,8.453,17.552,19.125,20.906,180.0,0,11,65,21,0,0,0,0,0,1,0,0,0,0,0.244
212,20030322,5.5820000000000025,3.866,66.82377083333334,2.349,96.387,91.887,23.7565869565,0.5834062612785856,-0.0686869,-0.08572919999999999,0.1,0.0072000000000000015,3,2.9019999999999997,3.0820000000000003,4.8210000000000015,6.328999999999999,10.135,15.132,21.379,23.255,180.0,0,11,65,21,0,0,0,0,0,1,0,0,0,0,0.258
213,20030323,2.679,0.9570000000000001,67.7650625,1.001,97.023,125.93,48.8092083333,0.44785808898121504,-4.44411,0.297271,0.1125,0.0074125000000000016,3,3.35,3.903,4.4060000000000015,5.9990000000000006,11.136,16.066,22.10100000000001,24.256,180.0,0,11,65,21,0,0,0,0,0,1,0,0,0,0,0.273
214,20030324,3.24,-1.9769999999999999,70.39745833333333,0.8590000000000001,97.11,94.335,27.9291875,0.4141304623439968,-11.7122,0.473479,0.125,0.007625000000000002,3,1.86,4.209,4.941999999999998,6.680999999999999,9.141999999999998,16.016,22.914,25.114999999999995,180.0,0,11,65,21,0,0,0,0,0,1,0,0,0,0,0.266
215,20030325,2.023,-3.508,62.931416666666664,0.064,98.31200000000001,129.885,61.4442083333,0.6094192132152388,32.0129,0.395667,0.1375,0.0078375,3,0.9229999999999999,1.924,4.8260000000000005,5.328999999999999,8.252999999999998,12.995999999999995,22.803,24.666,180.0,0,11,65,21,0,0,0,0,0,1,0,0,0,0,0.258
216,20030326,3.653,2.759,63.691625,1.034,97.414,79.375,30.3655833333,0.5081306960958211,-37.2237,0.26675,0.15000000000000002,0.00805,3,1.0979999999999999,1.9570000000000003,5.307,6.04,7.955999999999999,13.759999999999998,22.858999999999995,25.699999999999992,180.0,0,11,65,21,0,0,0,0,0,1,0,0,0,0,0.251
217,20030328,4.072,-0.9990000000000001,60.6279375,0.696,97.061,111.613,35.245354166700004,0.6936672850103961,1.24358,1.0825200000000001,0.17500000000000002,0.008475,3,2.0540000000000003,3.088,4.011,7.3610000000000015,8.417000000000002,15.147,20.077,26.814,180.0,0,11,65,21,0,0,0,0,0,1,0,0,0,0,0.266
218,20030329,2.066,-6.5889999999999995,77.439375,1.972,97.348,79.39699999999998,33.7238333333,0.41629108303508,24.6636,0.91925,0.1875,0.0086875,3,2.668,4.026,5.124,6.984,10.066,14.265999999999998,21.14,28.528,180.0,0,11,65,21,0,0,0,0,0,1,0,0,0,0,0.259
219,20030330,2.787,-5.197,77.55910416666667,0.442,96.113,66.626,21.20475,0.4759448001004364,17.0245,0.478667,0.2,0.0089,3,2.414,3.1100000000000003,5.5020000000000024,6.425,10.328,13.755,18.498,28.968000000000004,180.0,0,11,65,21,0,0,0,0,0,1,0,0,0,0,0.258
220,20030331,2.249,-12.008,64.704,0.166,97.787,154.877,64.1556666667,0.4197259503867921,55.7538,0.42454200000000003,0.2,0.008975,3,0.608,2.58,4.6339999999999995,5.732,9.941,12.59,18.394,29.06600000000001,180.0,0,11,65,21,0,0,0,0,0,1,0,0,0,0,0.251
221,20030401,3.812,-8.644,58.84060416666667,0.281,97.699,131.614,64.8010208333,0.5942453295163345,30.628,-0.298583,0.2,0.00905,4,0.4470000000000001,0.889,3.5569999999999995,5.948999999999999,7.872999999999997,12.694,18.008,29.252,180.0,0,11,65,21,0,0,0,0,0,1,0,0,0,0,0.251
222,20030402,4.553999999999999,-4.195,70.95883333333335,0.612,96.72200000000001,79.07,40.2433958333,0.8261510569078255,17.6672,-0.594229,0.2,0.009125,4,0.893,1.0590000000000002,3.4730000000000003,5.526999999999999,7.483999999999999,11.89,18.62,29.585000000000004,180.0,0,11,65,21,0,0,0,0,0,1,0,0,0,0,0.251
223,20030403,2.046,-3.5180000000000002,80.75016666666666,2.739,96.946,87.086,32.1800833333,0.6782485895459546,16.0295,-0.156354,0.2,0.0092,4,3.3510000000000004,3.632,4.24,6.9079999999999995,9.363999999999999,14.306,18.506,32.278,180.0,0,11,65,21,0,0,0,0,0,1,0,0,0,0,0.25
224,20030404,1.771,-6.8370000000000015,63.18479166666666,0.48200000000000004,96.887,153.035,71.0677826087,0.5807251319943816,48.5925,0.160271,0.2,0.009275,4,3.221,3.833,4.28,6.694000000000001,9.782000000000002,14.608,18.035,32.585,180.0,0,11,65,21,0,0,0,0,0,1,0,0,0,0,0.244
225,20030405,3.095,-6.801,63.6291875,0.46799999999999997,97.729,159.086,71.994625,0.3234631540804656,52.6812,0.132958,0.2,0.00935,4,0.95,3.689,4.582,5.19,9.216,14.523,17.172,32.075,180.0,0,11,65,21,0,0,0,0,0,1,0,0,0,0,0.244
226,20030406,3.62,-6.125,63.20641666666668,0.11599999999999999,99.243,165.732,72.036125,0.41274159194636345,75.4578,0.092125,0.2,0.009425,4,0.5840000000000001,1.0659999999999998,4.417,4.864,7.974,12.29,17.111,27.422,180.0,0,11,65,21,0,0,0,0,0,1,0,0,0,0,0.244
227,20030407,1.2229999999999999,-10.304,62.74797916666666,0.0,100.038,184.485,89.5677916667,0.35772677616686105,101.456,0.0025,0.2,0.0095,4,0.11599999999999999,0.584,3.805,4.698,7.278,11.289000000000001,15.695,27.355,180.0,0,11,65,21,0,0,0,0,0,1,0,0,0,0,0.244
228,20030408,1.6059999999999999,-8.73,52.56575,0.0,99.57700000000001,187.773,82.4724583333,0.5269059929263022,70.9794,-0.218313,0.225,0.00775,4,0.0,0.11599999999999999,1.0659999999999998,4.417,5.306,10.43,15.372,26.446,180.0,0,11,65,21,0,0,0,0,0,1,0,0,0,0,0.244
229,20030409,1.23,-2.449,49.18554166666666,0.0,99.863,178.546,86.9591041667,0.4244930029706672,83.5577,-0.408938,0.25,0.006,4,0.0,0.0,0.5840000000000001,3.805,4.864,10.366,15.192,23.362,180.0,0,11,65,21,0,0,0,0,0,1,0,0,0,0,0.244
230,20030410,1.2890000000000001,-0.36,54.13385416666667,0.0,100.0,185.231,99.4020208333,0.4998780416219553,71.7913,-0.343438,0.275,0.00425,4,0.0,0.0,0.11599999999999999,1.0659999999999998,4.698,9.332,14.639,23.092,180.0,0,11,65,21,0,0,0,0,0,1,0,0,0,0,0.244
231,20030411,0.943,-1.155,82.50979166666667,0.0,100.024,75.91,31.6073125,0.30007007167571936,19.4822,-0.0982917,0.30000000000000004,0.0025,4,0.0,0.0,0.0,0.584,4.417,7.974,12.29,22.425,180.0,0,11,65,21,0,0,0,0,0,1,0,0,0,0,0.244
232,20030412,1.495,-0.625,81.91404166666669,0.96,99.771,88.60700000000001,34.3079166667,0.2320915161766653,16.7382,0.323583,0.325,0.00075,4,0.96,0.96,0.96,1.0759999999999998,4.765,8.238000000000001,12.249,23.385,180.0,0,11,65,21,0,0,0,0,0,1,0,0,0,0,0.244
233,20030413,2.411,2.5269999999999997,72.1058125,0.763,99.287,69.249,37.7681875,0.4606686319319817,13.5003,1.10754,0.35000000000000003,-0.001,4,1.723,1.723,1.723,1.723,2.789,7.029000000000001,12.152999999999999,21.295,180.0,0,11,65,21,0,0,0,0,0,1,0,0,0,0,0.251
234,20030414,0.986,1.5119999999999998,96.89172916666666,1.36,99.60600000000001,47.184,31.377170212800003,0.2911187225901113,-8.265939999999999,4.50225,0.375,-0.0027500000000000003,4,2.123,3.083,3.083,3.083,3.667,7.947,13.449000000000002,21.702,180.0,0,11,65,21,0,0,0,0,0,1,0,0,0,0,0.28800000000000003
235,20030417,2.1630000000000003,3.483,63.22645833333333,0.002,100.81299999999999,202.965,101.45895652200001,0.6871721306634837,88.7892,1.85985,0.425,-0.004975,4,0.972,0.972,3.095,4.055,4.055,7.8599999999999985,11.333,19.750000000000004,180.0,0,11,65,21,0,0,0,0,0,1,0,0,0,0,0.311
236,20030418,2.495,5.7379999999999995,54.849,0.17600000000000002,100.425,193.47,111.718708333,0.6226121198297166,37.0748,1.45494,0.4375,-0.0052125,4,0.17800000000000002,1.148,2.508,4.231,4.231,5.2970000000000015,9.537,19.603,180.0,0,11,65,21,0,0,0,0,0,1,0,0,0,0,0.318
237,20030419,1.912,7.4529999999999985,67.26577083333332,0.0,99.85700000000001,161.14600000000004,83.4571041667,0.33390153701126696,25.7303,1.03427,0.45,-0.00545,4,0.17600000000000002,0.17800000000000002,1.148,3.2710000000000004,4.231,4.815,9.095,19.423,180.0,0,11,65,21,0,0,0,0,0,1,0,0,0,0,0.33299999999999996
238,20030420,1.7730000000000001,8.61,65.49064583333333,0.0,99.33,199.856,116.5803125,0.2896594882477347,35.6118,0.636583,0.4625,-0.0056875,4,0.0,0.17600000000000002,1.148,2.508,4.231,4.3469999999999995,8.929,18.87,180.0,0,11,65,21,0,0,0,0,0,1,0,0,0,0,0.341
239,20030421,1.655,5.31,67.22675,0.0,99.1,177.65200000000004,113.343104167,0.4728038458234137,42.6606,0.347646,0.475,-0.005925000000000001,4,0.0,0.0,0.17800000000000002,1.148,4.231,4.231,8.648,16.521,180.0,0,11,65,21,0,0,0,0,0,1,0,0,0,0,0.33399999999999996
240,20030422,2.5,0.6509999999999999,59.7155,0.086,99.413,155.817,85.3144166667,0.695181798056307,58.6358,0.27558299999999997,0.4875,-0.0061625,4,0.086,0.086,0.262,1.234,3.3569999999999998,4.317,8.122,15.606000000000002,180.0,0,11,65,21,0,0,0,0,0,1,0,0,0,0,0.319
241,20030423,3.056,-3.6919999999999997,56.68866666666667,0.478,99.544,193.02700000000002,94.2295833333,0.6895641145659933,84.1776,0.28231300000000004,0.5,-0.0064,4,0.564,0.564,0.564,0.742,3.072,4.795,5.8610000000000015,15.225,180.0,0,11,65,21,0,0,0,0,0,1,0,0,0,0,0.304
242,20030424,2.588,-5.0169999999999995,63.5344375,0.586,99.573,197.325,100.4218125,0.6451699608265935,94.8775,0.292958,0.5125000000000001,-0.0047125000000000005,4,1.064,1.15,1.15,1.3259999999999998,2.298,5.381,5.965,15.747000000000002,180.0,0,11,65,21,0,0,0,0,0,1,0,0,0,0,0.29600000000000004
243,20030425,1.524,-4.609,66.23202083333332,0.57,99.443,173.99099999999999,88.6258125,0.7398144171928978,68.0984,0.299167,0.525,-0.0030250000000000003,4,1.156,1.634,1.72,1.72,2.8680000000000003,5.9510000000000005,6.0669999999999975,15.283,180.0,0,11,65,21,0,0,0,0,0,1,0,0,0,0,0.28800000000000003
244,20030426,1.308,-3.6719999999999997,59.3593125,0.693,99.152,224.28,121.79117021299999,0.6402244627924497,106.59700000000001,0.282104,0.5375,-0.0013375,4,1.263,1.849,2.4130000000000003,2.4130000000000003,2.591,6.644,6.644,14.618,180.0,0,11,65,21,0,0,0,0,0,1,0,0,0,0,0.281
245,20030427,2.336,-2.451,71.21985416666666,1.8980000000000001,98.37899999999999,139.673,79.0161875,0.7729838389469825,56.4064,0.191417,0.55,0.00035,4,2.591,3.161,4.225,4.311,4.487,7.582000000000002,8.542,15.82,180.0,0,11,65,21,0,0,0,0,0,1,0,0,0,0,0.281
246,20030428,2.036,0.162,88.263625,6.039,97.381,112.318,61.7099375,1.3245391614262552,21.3359,0.124958,0.5625,0.0020375,4,7.9369999999999985,8.629999999999999,9.786,10.35,10.35,12.858,14.581,19.887,180.0,0,11,65,21,0,0,0,0,0,1,0,0,0,0,0.281
247,20030429,1.565,-1.0390000000000001,74.72629166666667,1.11,97.49700000000001,184.18900000000002,21.9522285714,0.8433698802822787,83.4505,0.202125,0.5750000000000001,0.003725,4,7.149,9.047,10.31,11.374,11.46,12.608000000000002,15.691000000000004,20.555,180.0,0,11,65,21,0,0,0,0,0,1,0,0,0,0,0.273
248,20030430,1.8119999999999998,-2.056,58.49808333333332,0.0,97.831,248.514,129.185304348,0.8566176088979085,110.41,0.18543800000000002,0.5875,0.005412500000000001,4,1.11,7.149,9.74,10.896,11.46,12.608000000000002,15.691000000000004,20.389,180.0,0,11,65,21,0,0,0,0,0,1,0,0,0,0,0.273
249,20030501,1.639,-0.017,87.56331250000002,2.283,97.25399999999999,82.863,49.698875,0.8262609879779179,19.27,0.147396,0.6000000000000001,0.0071,5,2.283,3.393,11.329999999999998,12.592999999999998,13.743,13.921,17.974000000000004,22.391,180.0,0,11,65,21,0,0,0,0,0,1,0,0,0,0,0.273
250,20030502,1.7169999999999999,1.43,77.94122916666666,0.091,97.37899999999999,110.87899999999999,64.0368333333,0.9668099101866456,36.385,0.208688,0.625,0.011725,5,2.374,2.374,9.523,12.114,13.748,14.01,17.105000000000004,21.870000000000005,180.0,0,11,65,21,0,0,0,0,0,1,0,0,0,0,0.273
251,20030503,2.03,0.33899999999999997,63.10722916666666,0.8140000000000001,97.92200000000001,200.799,111.501625,0.9527417685276354,100.195,0.261396,0.65,0.01635,5,0.905,3.188,4.298,12.235,14.084000000000001,14.648,17.156000000000002,19.945000000000004,180.0,0,11,65,21,0,0,0,0,0,1,0,0,0,0,0.267
252,20030504,2.102,2.48,47.54322916666666,0.128,98.469,263.726,147.31125,1.2707520689441705,116.556,0.27097899999999997,0.675,0.020975,5,0.942,1.033,3.3160000000000003,10.465,13.626,14.776,15.924,19.591000000000005,180.0,0,11,65,21,0,0,0,0,0,1,0,0,0,0,0.267
253,20030505,2.6189999999999998,3.457,47.4600625,0.0,98.495,184.262,112.94902083299999,1.559755270122435,53.3598,0.300063,0.7000000000000001,0.0256,5,0.128,0.9420000000000001,3.3160000000000003,4.426,13.056,14.776,15.924,19.123000000000005,180.0,0,11,65,21,0,0,0,0,0,1,0,0,0,0,0.281
254,20030506,2.1109999999999998,2.525,97.91389583333334,4.2139999999999995,97.061,45.097,32.2585,0.4705825614774085,-6.54016,0.279667,0.7250000000000001,0.030225,5,4.2139999999999995,4.342,5.247000000000001,7.5299999999999985,16.577,18.99,19.168,23.221,180.0,0,11,65,21,0,0,0,0,0,1,0,0,0,0,0.311
255,20030507,3.589,2.889,70.271,1.3840000000000001,96.867,173.445,99.7769375,1.0542855918589868,64.4731,0.267354,0.75,0.03485,5,5.598000000000001,5.598,6.540000000000001,8.914,16.063000000000002,20.288,20.55,24.605,180.0,0,11,65,21,0,0,0,0,0,1,0,0,0,0,0.326
256,20030508,2.721,1.9380000000000002,65.39585416666667,0.828,97.64200000000001,233.545,133.96954166700002,1.307086338390964,114.01100000000001,0.27197899999999997,0.775,0.039475,5,2.212,6.426,6.553999999999999,7.459,10.852,20.638,21.202,25.433000000000003,180.0,0,11,65,21,0,0,0,0,0,1,0,0,0,0,0.311
257,20030509,1.101,2.641,57.3406875,0.0,97.47399999999999,265.55400000000003,155.22464583299998,1.2974997726608175,138.798,0.26495799999999997,0.8,0.0441,5,0.828,2.212,6.426,7.3679999999999986,9.742,20.052,21.202,25.433000000000003,180.0,0,11,65,21,0,0,0,0,0,1,0,0,0,0,0.304
258,20030510,1.74,3.764,68.52885416666668,0.087,97.816,182.955,123.352916667,0.9005742619227397,74.2157,0.25825,0.8125,0.044437500000000005,5,0.087,0.915,6.513,6.641,9.829,19.569000000000006,21.289,25.52,180.0,0,11,65,21,0,0,0,0,0,1,0,0,0,0,0.319
259,20030511,1.516,5.3260000000000005,77.55037499999997,0.221,98.445,234.078,150.56895833299998,1.302833814465258,108.935,0.258917,0.8250000000000001,0.044775,5,0.308,0.308,2.52,6.734,7.767,19.097,21.51,25.741,180.0,0,11,65,21,0,0,0,0,0,1,0,0,0,0,0.33299999999999996
260,20030512,2.009,7.67,59.05095833333333,0.077,99.165,261.578,163.210020833,1.8248382267206016,104.844,0.26245799999999997,0.8375,0.0451125,5,0.298,0.385,1.213,6.811,7.752999999999999,17.276,21.500999999999998,24.858,180.0,0,11,65,21,0,0,0,0,0,1,0,0,0,0,0.33299999999999996
261,20030513,2.597,10.49,56.3783125,0.29,98.881,240.703,164.22102083299998,2.1597951823871533,82.9648,0.259354,0.8500000000000001,0.04545,5,0.3670000000000001,0.588,0.6749999999999999,2.887,7.229,11.526999999999996,21.312999999999995,24.38499999999999,180.0,0,11,65,21,0,0,0,0,0,1,0,0,0,0,0.325
262,20030514,2.636,11.694,75.59933333333333,6.6560000000000015,98.052,126.274,89.53610638299999,1.6241710493257733,1.54121,10.3264,0.8625,0.0457875,5,6.9460000000000015,7.0230000000000015,7.331000000000001,8.158999999999999,13.757,17.073,27.38300000000001,29.680999999999997,180.0,0,11,65,21,0,0,0,0,0,1,0,0,0,0,0.325
263,20030515,4.218999999999999,10.469000000000001,68.50295833333332,1.788,97.87,266.45099999999996,176.568541667,2.151611574047127,100.994,20.4761,0.875,0.046125,5,8.443999999999999,8.734,9.032,9.119,15.545,18.861,28.60100000000001,31.468999999999994,180.0,0,11,65,21,0,0,0,0,0,1,0,0,0,0,0.325
264,20030516,2.043,7.232,75.61904166666666,3.571,98.97,141.606,96.2812083333,1.4989347768985912,38.7703,14.4363,0.8875000000000001,0.0464625,5,5.359,12.015,12.382,12.69,14.902000000000001,20.149,31.47900000000001,34.07000000000001,180.0,0,11,65,21,0,0,0,0,0,1,0,0,0,0,0.29600000000000004
265,20030519,2.184,12.655,59.78989583333333,0.9740000000000001,98.50399999999999,195.328,176.97935483900002,1.666682319789576,51.7253,15.8615,0.925,0.048975000000000005,5,1.4780000000000002,3.119,8.478,15.424,15.809000000000001,22.235,25.551,37.011,180.0,0,11,65,21,0,0,0,0,0,1,0,0,0,0,0.266
266,20030520,2.452,10.383,72.3074375,1.16,97.98299999999999,134.649,92.0900625,1.5389013916658845,34.4336,12.3528,0.9375,0.0500625,5,2.134,2.638,7.85,16.294,16.882,23.395,26.71100000000001,38.171,180.0,0,11,65,21,0,0,0,0,0,1,0,0,0,0,0.266
267,20030521,2.416,10.355,77.08852083333333,0.961,97.916,119.26299999999999,75.85625,1.5315969022548608,21.6299,10.8632,0.95,0.05115,5,2.121,3.095,5.24,10.599,17.622000000000003,20.142000000000003,25.38900000000001,39.13200000000001,180.0,0,11,65,21,0,0,0,0,0,1,0,0,0,0,0.258
268,20030522,2.5340000000000003,9.398,79.54195833333334,3.7769999999999997,97.676,131.251,95.4005625,1.6826250662330908,30.5127,11.1,0.9625,0.0522375,5,4.738,5.898,7.376000000000001,12.588,21.322000000000006,22.535,29.07500000000001,42.82300000000001,180.0,0,11,65,21,0,0,0,0,0,1,0,0,0,0,0.258
269,20030523,2.339,7.372000000000001,78.69972916666666,1.656,97.95299999999999,112.98299999999999,76.5102708333,1.4100632147461152,48.3304,7.621939999999999,0.975,0.053325,5,5.433,6.394,8.527999999999999,10.673,22.688,23.363000000000003,29.916999999999998,44.00100000000001,180.0,0,11,65,21,0,0,0,0,0,1,0,0,0,0,0.273
270,20030524,1.578,6.928,59.53335416666667,0.0,98.411,261.254,158.50380851100002,1.7457208073582018,116.57,10.8126,0.9875,0.0544125,5,1.656,5.433,7.5539999999999985,9.032,16.032,23.363000000000003,29.789,43.415000000000006,180.0,0,11,65,21,0,0,0,0,0,1,0,0,0,0,0.259
271,20030525,1.801,10.062000000000001,58.17916666666667,0.303,98.745,238.623,152.80716666700002,1.7814362412636964,83.7542,11.772,1.0,0.0555,5,0.303,1.959,6.697,8.831,14.547,23.579,30.092,43.148,180.0,0,11,65,21,0,0,0,0,0,1,0,0,0,0,0.218
272,20030526,1.659,10.52,87.7798125,5.154,98.277,58.988,31.724375,1.2196379605955006,-11.0608,7.1745,1.025,0.057425,5,5.4570000000000025,5.4570000000000025,10.89,13.011,16.130000000000006,28.512000000000004,31.03200000000001,47.60900000000001,180.0,0,11,65,21,0,0,0,0,0,1,0,0,0,0,0.207
273,20030527,4.329,11.629000000000001,66.9385625,5.862,97.177,170.168,109.8923125,1.6335644757818462,58.4337,11.2158,1.05,0.05935,5,11.015999999999998,11.319,12.975,17.713,20.351000000000006,34.297000000000004,35.51000000000001,51.57300000000001,180.0,0,11,65,21,0,0,0,0,0,1,0,0,0,0,0.19399999999999998
274,20030528,2.595,5.7410000000000005,71.91504166666667,0.596,98.12700000000001,190.609,101.558866667,1.5745521697984588,69.1305,4.4329,1.075,0.061275,5,6.4579999999999975,11.612,11.915,17.348000000000006,20.442999999999998,34.603,35.278,46.13,180.0,0,11,65,21,0,0,0,0,0,1,0,0,0,0,0.20199999999999999
275,20030529,1.6640000000000001,7.947,60.75727083333334,0.26,98.523,181.84900000000002,122.784833333,1.5554409364879116,68.9427,9.17419,1.1,0.0632,5,0.856,6.718,12.175,13.831,19.729,28.207,35.53800000000001,45.28,180.0,0,11,65,21,0,0,0,0,0,1,0,0,0,0,0.207
276,20030530,2.293,7.9579999999999975,82.466875,6.585,97.209,87.445,52.3723333333,1.0881086680034129,15.0878,5.63454,1.125,0.065125,5,6.845,7.441,18.457,18.76,25.154,33.004,42.03599999999999,51.865,180.0,0,11,65,21,0,0,0,0,0,1,0,0,0,0,0.207
277,20030531,2.331,4.9030000000000005,82.9488125,1.8219999999999998,97.384,88.46,62.1689791667,0.7357843741455409,3.7367800000000004,1.82892,1.15,0.06705,5,8.407,8.667,15.125,20.582,26.015,31.25500000000001,43.63699999999999,51.403999999999996,180.0,0,11,65,21,0,0,0,0,0,1,0,0,0,0,0.212
278,20030601,1.6030000000000002,4.0,58.72925000000001,0.003,98.571,307.94,186.31391489400002,1.8430614650755663,92.5314,5.66591,1.175,0.06897500000000001,6,1.825,8.41,9.266,20.282,22.241,29.617,43.563,51.316,180.0,0,11,65,21,0,0,0,0,0,1,0,0,0,0,0.20199999999999999
279,20030602,1.598,7.436,49.834354166666664,0.0,99.023,323.452,202.591583333,1.9891747291148416,116.303,7.358739999999999,1.2000000000000002,0.0709,6,0.003,1.825,8.67,15.128,20.585,29.113000000000003,43.273,50.501999999999995,180.0,0,11,65,21,0,0,0,0,0,1,0,0,0,0,0.266
280,20030603,2.448,8.389,70.38045833333331,2.582,98.814,133.253,83.427125,1.341766442595211,34.9844,4.370769999999999,1.2125,0.0729875,6,2.582,2.585,10.992,11.848,23.166999999999998,30.721,39.19899999999999,52.95599999999999,180.0,0,11,65,21,0,0,0,0,0,1,0,0,0,0,0.259
281,20030604,2.217,7.495,86.17506250000002,4.751,98.427,84.59299999999998,56.5889166667,1.0030284740958544,18.2539,5.02735,1.225,0.075075,6,7.3329999999999975,7.332999999999997,9.158,16.003,27.61500000000001,34.312,42.16199999999999,57.70699999999998,180.0,0,11,65,21,0,0,0,0,0,1,0,0,0,0,0.281
282,20030605,2.245,6.034,63.49395833333333,0.0,98.586,259.437,168.969458333,1.7254143463572922,96.7384,7.9767100000000015,1.2375,0.07716250000000001,6,4.751,7.332999999999997,7.336,15.743,22.46100000000001,33.351,38.591,53.49299999999998,180.0,0,11,65,21,0,0,0,0,0,1,0,0,0,0,0.273
283,20030606,1.854,9.751,56.922,0.0,97.814,290.76599999999996,189.809595745,2.173215103408725,118.333,12.9345,1.25,0.07925,6,0.0,4.751,7.3329999999999975,9.158,16.599000000000004,29.574,36.95,52.10899999999998,180.0,0,11,65,21,0,0,0,0,0,1,0,0,0,0,0.266
284,20030607,1.493,11.517000000000001,68.81472916666667,0.955,97.51299999999999,221.676,152.85258333299998,1.8210354280434884,82.7472,11.0328,1.2625000000000002,0.08133750000000001,6,0.955,0.955,8.288,8.291,16.958000000000002,28.873000000000005,37.401,52.23599999999998,180.0,0,11,65,21,0,0,0,0,0,1,0,0,0,0,0.258
285,20030608,1.82,9.932,74.4641875,0.9890000000000001,97.569,138.387,96.1452083333,1.4596054960942741,41.1262,8.27546,1.275,0.083425,6,1.944,1.944,6.695,9.277000000000001,17.687,29.862,37.416,53.22499999999998,180.0,0,11,65,21,0,0,0,0,0,1,0,0,0,0,0.251
286,20030609,2.097,8.696,60.06727083333333,0.843,97.836,194.954,128.801191489,1.5741036482482584,65.0217,7.52808,1.2875,0.0855125,6,1.832,2.787,2.787,10.12,11.945,30.402000000000005,37.099,53.98099999999998,180.0,0,11,65,21,0,0,0,0,0,1,0,0,0,0,0.251
287,20030610,3.195,6.7410000000000005,56.97170833333333,0.38299999999999995,98.02799999999999,216.852,141.419583333,1.9590385974678832,88.1773,4.14865,1.3,0.0876,6,1.226,2.215,3.17,7.921,10.505999999999998,25.631,36.521,54.14299999999998,180.0,0,11,65,21,0,0,0,0,0,1,0,0,0,0,0.23
288,20030611,1.131,4.856,71.57704166666667,0.635,98.01100000000001,77.91,43.916000000000004,0.9884007148299108,14.1527,-2.7513799999999997,1.3125,0.095725,6,1.018,1.861,3.805,3.805,11.138000000000002,20.404000000000003,33.379000000000005,54.70099999999999,180.0,0,11,65,21,0,0,0,0,0,1,0,0,0,0,0.23
289,20030612,2.029,6.716,59.9445625,0.37,97.584,234.59400000000002,154.9255,1.9613326620299678,93.29700000000001,6.32752,1.3250000000000002,0.10385,6,1.005,1.388,3.22,4.175,11.508,20.178,32.093,54.78099999999999,180.0,0,11,65,21,0,0,0,0,0,1,0,0,0,0,0.23
290,20030613,2.488,5.846,49.25277083333333,0.6409999999999999,97.656,202.005,133.2543125,1.6105188523639518,73.5625,4.13054,1.3375,0.111975,6,1.011,1.646,2.872,4.816,9.567,20.559,32.733999999999995,48.765999999999984,180.0,0,11,65,21,0,0,0,0,0,1,0,0,0,0,0.23
291,20030614,2.915,7.746,57.09677083333332,0.49,97.815,183.94799999999998,119.963,1.7286775266430656,64.9148,7.2519800000000005,1.35,0.1201,6,1.1309999999999998,1.501,2.519,4.351,5.306,14.464,32.92100000000001,47.46799999999999,180.0,0,11,65,21,0,0,0,0,0,1,0,0,0,0,0.235
292,20030615,2.209,7.471,66.37466666666666,0.49,97.934,218.239,145.366854167,1.9890915326930312,80.2028,6.51048,1.3625,0.128225,6,0.98,1.621,2.6260000000000003,3.852,5.796,13.132,28.257000000000005,44.38699999999999,180.0,0,11,65,21,0,0,0,0,0,1,0,0,0,0,0.235
293,20030616,1.633,7.016,69.29929166666666,0.741,97.963,220.082,133.98755319100002,1.8753888543355128,79.7859,6.45783,1.375,0.13635,6,1.231,1.7209999999999999,2.732,3.75,6.537000000000001,13.87,23.13600000000001,43.48699999999999,180.0,0,11,65,21,0,0,0,0,0,1,0,0,0,0,0.235
294,20030617,1.4480000000000002,8.53,66.17752083333333,0.705,98.30799999999999,209.97299999999998,148.030625,1.9222748562888887,73.1052,6.72762,1.3875000000000002,0.14447500000000002,6,1.446,1.936,3.0669999999999997,4.072,6.287000000000001,14.575,23.245,43.68799999999999,180.0,0,11,65,21,0,0,0,0,0,1,0,0,0,0,0.235
295,20030618,1.392,10.843,57.659875,0.898,98.678,205.50400000000002,139.269729167,1.8330137529811488,78.9058,9.704939999999999,1.4,0.1526,6,1.6030000000000002,2.344,3.324,4.335,6.1960000000000015,12.890999999999998,23.88300000000001,43.61199999999999,180.0,0,11,65,21,0,0,0,0,0,1,0,0,0,0,0.236
296,20030620,2.003,14.198,46.57529166666666,0.354,97.411,270.595,162.046787234,2.182550888929934,112.948,13.0287,1.4,0.161025,6,0.889,1.787,3.233,4.213,5.859,9.029,16.365000000000002,42.38,180.0,0,11,65,21,0,0,0,0,0,1,0,0,0,0,0.221
297,20030621,2.201,12.695,49.27812500000001,0.0,97.499,317.862,203.2550625,2.2241928738497796,133.66,10.3924,1.4,0.1652375,6,0.354,0.889,2.492,3.723,5.224,9.029,16.362000000000002,38.603,180.0,0,11,65,21,0,0,0,0,0,1,0,0,0,0,0.213
298,20030622,1.3719999999999999,14.767999999999999,47.00285416666667,0.0,97.79799999999999,287.187,151.02148888899998,2.0774346825109733,109.37899999999999,9.03065,1.4,0.16945000000000002,6,0.0,0.354,1.787,3.233,4.854,8.074,16.362000000000002,36.947,180.0,0,11,65,21,0,0,0,0,0,1,0,0,0,0,0.198
299,20030623,2.1590000000000003,15.183,46.88316666666666,0.0,97.944,325.127,196.352446809,2.206776059909896,135.65200000000002,9.23917,1.4,0.1736625,6,0.0,0.0,0.889,2.492,4.213,7.085,13.78,36.947,180.0,0,11,65,21,0,0,0,0,0,1,0,0,0,0,0.195
300,20030624,2.148,15.144,45.19360416666666,0.33899999999999997,98.04899999999999,316.517,203.52897916700002,2.146201925700746,128.336,8.8881,1.4,0.177875,6,0.33899999999999997,0.33899999999999997,0.6930000000000001,2.126,4.062,6.581,9.368,36.983000000000004,180.0,0,11,65,21,0,0,0,0,0,1,0,0,0,0,0.20199999999999999
301,20030625,1.6130000000000002,16.590999999999998,52.39997916666667,5.556,98.35,233.827,153.724,1.727821398003941,81.4894,8.39898,1.4,0.1820875,6,5.8950000000000005,5.895,5.8950000000000005,6.784,9.128,11.753999999999998,14.924,37.385,180.0,0,11,65,21,0,0,0,0,0,1,0,0,0,0,0.21100000000000002
302,20030626,2.298,15.309000000000001,42.82116666666667,0.0,99.186,342.6869999999999,211.191520833,2.1139354656655933,129.64,8.41258,1.4,0.1863,6,5.556,5.895,5.8950000000000005,6.249,8.387,11.118999999999998,14.924,31.523000000000003,180.0,0,11,65,21,0,0,0,0,0,1,0,0,0,0,0.204
303,20030627,1.7280000000000002,15.527999999999999,45.56168750000001,0.0,99.23200000000001,288.509,170.747583333,2.011028456884825,99.9949,6.00065,1.4125,0.1806125,6,0.0,5.556,5.8950000000000005,5.895,7.682,10.749,13.969,30.927,180.0,0,11,65,21,0,0,0,0,0,1,0,0,0,0,0.19699999999999998
304,20030628,3.115,13.950999999999999,53.06025,0.0,99.12899999999999,313.233,186.10541666700001,1.946435410956505,125.196,5.3337699999999995,1.425,0.174925,6,0.0,0.0,5.8950000000000005,5.895,6.7840000000000025,10.107999999999999,12.98,30.666999999999998,180.0,0,11,65,21,0,0,0,0,0,1,0,0,0,0,0.20199999999999999
305,20030629,1.8659999999999999,13.964,52.11214583333333,0.0,99.336,346.541,214.30725,2.290728077071073,137.31799999999998,6.4606,1.4375,0.1692375,6,0.0,0.0,5.556,5.895,6.2490000000000006,9.618,12.137,24.081999999999997,180.0,0,11,65,21,0,0,0,0,0,1,0,0,0,0,0.198
306,20030630,1.443,17.94,45.72995833333334,0.0,98.992,334.777,207.38722916700002,2.161959879099024,156.78,8.6334,1.4500000000000002,0.16355,6,0.0,0.0,0.0,5.895,5.8950000000000005,9.127999999999998,11.754000000000001,22.26,180.0,0,11,65,21,0,0,0,0,0,1,0,0,0,0,0.198
307,20030701,1.7180000000000002,18.930999999999997,40.81325,0.0,98.40100000000001,336.594,203.76512766,2.102844027387789,152.007,8.37092,1.4625,0.15786250000000002,7,0.0,0.0,0.0,5.556,5.8950000000000005,8.386999999999999,11.119000000000002,22.256999999999998,180.0,0,11,65,21,0,0,0,0,0,1,0,0,0,0,0.191
308,20030702,1.744,20.333,43.20027083333333,0.0,97.885,311.357,196.3904375,2.1555432994892723,142.809,8.767619999999999,1.475,0.152175,7,0.0,0.0,0.0,0.0,5.8950000000000005,7.681999999999999,10.749,22.256999999999998,180.0,0,11,65,21,0,0,0,0,0,1,0,0,0,0,0.191
309,20030703,1.4769999999999999,21.046999999999997,51.417125,0.515,97.695,259.145,159.655425532,1.8920331371222885,111.34200000000001,8.53915,1.4875,0.14648750000000002,7,0.515,0.515,0.515,0.515,6.41,7.298999999999999,10.623,20.19,180.0,0,11,65,21,0,0,0,0,0,1,0,0,0,0,0.183
310,20030704,2.1319999999999997,18.362000000000002,71.23279166666667,1.173,97.60799999999999,226.297,157.869708333,1.9993770766638537,106.677,8.14992,1.5,0.1408,7,1.6880000000000002,1.6880000000000002,1.6880000000000002,1.6880000000000002,7.244,7.937,11.306,16.612000000000002,180.0,0,11,65,21,0,0,0,0,0,1,0,0,0,0,0.18
311,20030705,2.693,11.33,83.38954166666666,0.162,97.736,67.546,47.9831458333,0.6681677872965058,31.7738,-1.51769,1.5125000000000002,0.1456125,7,1.335,1.85,1.85,1.85,1.85,7.745000000000001,10.978,16.773999999999994,180.0,0,11,65,21,0,0,0,0,0,1,0,0,0,0,0.195
312,20030708,1.771,14.759,54.47152083333333,0.129,98.84,274.991,171.981708333,1.4459450342164812,109.693,5.14371,1.55,0.16005,7,0.129,0.5010000000000001,1.8360000000000003,2.3510000000000004,2.3510000000000004,8.246,9.135,15.330999999999998,180.0,0,11,65,21,0,0,0,0,0,1,0,0,0,0,0.195
313,20030709,2.434,15.534,52.24425,0.0,98.71700000000001,277.591,181.951916667,1.6143453846626716,120.054,5.25098,1.5625,0.1648625,7,0.129,0.129,0.6630000000000001,2.3510000000000004,2.3510000000000004,7.907,8.6,14.487999999999998,180.0,0,11,65,21,0,0,0,0,0,1,0,0,0,0,0.18
314,20030710,2.043,10.694,94.79960416666664,4.441,98.552,46.06399999999999,30.3657083333,1.2241879901152453,-12.1079,-3.51254,1.5750000000000002,0.16967500000000002,7,4.441,4.57,4.942,6.277,6.7920000000000025,6.7920000000000025,12.687000000000001,18.546,180.0,0,11,65,21,0,0,0,0,0,1,0,0,0,0,0.192
315,20030711,2.03,14.142000000000001,84.61116666666669,2.043,98.365,92.265,70.580125,1.4157819975812849,19.3602,6.0942099999999995,1.5875,0.17448750000000002,7,6.484,6.484,6.613,7.146999999999999,8.835,8.835,14.730000000000002,19.954,180.0,0,11,65,21,0,0,0,0,0,1,0,0,0,0,0.22899999999999998
316,20030712,1.74,19.33,79.95425,3.739,97.811,177.071,125.38952083299999,2.694322402942334,39.6851,15.2576,1.6,0.1793,7,5.782,10.222999999999999,10.352,10.723999999999998,12.574000000000002,12.574000000000002,18.469,23.32299999999999,180.0,0,11,65,21,0,0,0,0,0,1,0,0,0,0,0.156
317,20030713,1.8869999999999998,20.320999999999998,75.95139583333334,3.87,98.425,174.03099999999995,118.450708333,2.4447200316637403,47.7794,12.9881,1.5875,0.177825,7,7.609,9.652000000000001,14.093,14.222,15.929,16.444000000000006,22.339000000000002,26.55199999999999,180.0,0,11,65,21,0,0,0,0,0,1,0,0,0,0,0.214
318,20030714,2.14,17.336,63.60839583333333,0.084,99.306,291.57099999999997,196.790958333,2.3651732256009903,124.876,7.03655,1.5750000000000002,0.17635,7,3.9539999999999997,7.693,14.177,14.306,14.84,16.528,22.084,26.145999999999994,180.0,0,11,65,21,0,0,0,0,0,1,0,0,0,0,0.207
319,20030715,1.5759999999999998,19.785,61.54760416666666,0.0,99.415,317.901,207.253208333,2.8675805693227194,126.604,9.04877,1.5625,0.174875,7,0.084,3.954,9.736,14.177,14.678,16.528,16.528,25.655999999999995,180.0,0,11,65,21,0,0,0,0,0,1,0,0,0,0,0.19399999999999998
320,20030716,1.693,23.445,58.90387499999999,0.0,99.24,302.578,201.45427083299998,3.0053998359989347,110.84299999999999,12.5851,1.55,0.1734,7,0.0,0.084,7.693,14.177,14.306,16.528,16.528,24.915,180.0,0,11,65,21,0,0,0,0,0,1,0,0,0,0,0.16899999999999998
321,20030717,2.377,19.815,67.71583333333332,4.001,98.935,252.30599999999998,170.88258333299999,2.7092227274301406,98.0162,8.52581,1.5375,0.171925,7,4.001,4.001,7.955,13.736999999999998,18.307000000000002,20.529,20.529,28.210999999999995,180.0,0,11,65,21,0,0,0,0,0,1,0,0,0,0,0.172
322,20030718,1.334,15.317,56.18699999999999,0.0,99.34899999999999,288.14599999999996,189.151895833,2.524934974699077,118.57799999999999,4.5667300000000015,1.525,0.17045000000000002,7,4.001,4.001,4.085,11.694,18.178,20.014,20.529,27.312999999999995,180.0,0,11,65,21,0,0,0,0,0,1,0,0,0,0,0.166
323,20030719,2.456,19.413,65.98289583333333,1.187,99.006,225.71,147.624875,2.314503761523284,74.4154,7.47146,1.5125000000000002,0.168975,7,1.187,5.1880000000000015,5.1880000000000015,9.142,19.365,20.028,21.715999999999998,27.965,180.0,0,11,65,21,0,0,0,0,0,1,0,0,0,0,0.17400000000000002
324,20030720,3.341,21.436999999999998,67.89322916666667,4.238,98.306,257.902,179.83389583299999,2.8837954306696063,87.01299999999998,8.42445,1.5,0.1675,7,5.4250000000000025,5.4250000000000025,9.426000000000002,9.510000000000002,19.162000000000006,24.10400000000001,25.954,31.849,180.0,0,11,65,21,0,0,0,0,0,1,0,0,0,0,0.217
325,20030721,1.736,19.153,75.67279166666667,0.912,98.574,231.123,158.524787234,2.6950939147950663,64.7901,7.00125,1.4875,0.16568750000000002,7,5.15,6.3370000000000015,10.338,10.338,18.031,24.644000000000002,26.866,32.760999999999996,180.0,0,11,65,21,0,0,0,0,0,1,0,0,0,0,0.198
326,20030722,2.39,20.451,70.78164583333334,0.5920000000000001,98.62799999999999,227.18200000000002,156.06906383,2.8937200564938377,52.5082,9.25517,1.475,0.16387500000000002,7,1.504,5.742000000000001,6.929000000000001,10.93,14.884,25.236,27.458000000000002,33.352999999999994,180.0,0,11,65,21,0,0,0,0,0,1,0,0,0,0,0.19699999999999998
327,20030723,2.379,20.428,74.96452083333334,4.458,98.073,229.351,165.728895833,3.1793877859392268,63.3324,8.322189999999999,1.4625,0.1620625,7,5.050000000000002,5.9620000000000015,11.387,15.388000000000002,15.472,29.565,31.401000000000003,37.811,180.0,0,11,65,21,0,0,0,0,0,1,0,0,0,0,0.19699999999999998
328,20030724,2.559,17.725,73.2295625,3.347,97.743,210.232,153.90783333299999,3.3516774496903823,33.3809,2.81,1.4500000000000002,0.16025,7,7.805,8.397,13.547,14.734000000000002,18.735,32.912,33.575,40.819,180.0,0,11,65,21,0,0,0,0,0,1,0,0,0,0,0.244
329,20030725,2.408,18.04,58.04558333333333,0.0,98.14200000000001,280.743,164.61273913,3.692501830912114,75.0397,2.94748,1.4375,0.1584375,7,3.347,7.805,9.309,14.734000000000002,18.735,28.471,33.413000000000004,35.26300000000001,180.0,0,11,65,21,0,0,0,0,0,1,0,0,0,0,0.213
330,20030726,2.085,20.003,63.41354166666667,3.0010000000000003,98.39,242.481,158.476625,3.19463217558296,55.2973,6.48444,1.425,0.156625,7,3.0010000000000003,6.348000000000001,11.398,16.548000000000002,21.736000000000004,29.42900000000001,36.042,38.264,180.0,0,11,65,21,0,0,0,0,0,1,0,0,0,0,0.198
331,20030727,2.0,21.000999999999998,68.37597916666667,2.802,98.537,231.03099999999998,149.675875,3.1747251825741603,61.6958,8.99002,1.4125,0.15481250000000002,7,5.803000000000001,5.803000000000001,13.607999999999999,15.112000000000002,20.537000000000006,28.492000000000004,38.844,41.066,180.0,0,11,65,21,0,0,0,0,0,1,0,0,0,0,0.198
332,20030728,2.563,20.526999999999997,75.35366666666667,2.222,98.542,163.292,109.0660625,2.4732273979808386,38.1229,6.18617,1.4,0.153,7,5.024,8.025,11.372,16.422,22.759,26.844,40.93700000000001,43.288000000000004,180.0,0,11,65,21,0,0,0,0,0,1,0,0,0,0,0.19899999999999998
333,20030729,2.537,21.238000000000003,73.69833333333334,1.864,98.99799999999999,195.486,137.1354375,3.2156504735498763,54.4846,9.89523,1.3875000000000002,0.149425,7,4.086,6.888,9.889,17.694000000000006,23.436,28.624,42.801,45.152,180.0,0,11,65,21,0,0,0,0,0,1,0,0,0,0,0.207
334,20030730,1.3969999999999998,19.13,83.5719791666667,0.7979999999999999,99.428,127.13,72.3642391304,1.9011920460410447,23.8652,3.7049,1.375,0.14585,7,2.662,4.884,10.687,14.034,19.996,29.422,39.158,45.95,180.0,0,11,65,21,0,0,0,0,0,1,0,0,0,0,0.213
335,20030731,2.025,22.756999999999998,71.41997916666666,1.537,99.12299999999999,238.188,165.80522916700002,3.3690747441879028,65.4852,9.01806,1.3625,0.142275,7,2.335,4.199,9.223,12.224,20.621,30.959,38.652,47.486999999999995,180.0,0,11,65,21,0,0,0,0,0,1,0,0,0,0,0.206
336,20030801,3.1039999999999996,22.741,66.91129166666667,3.534,98.83,227.554,145.493520833,3.0360328244937995,58.5396,5.98931,1.35,0.13870000000000002,8,5.0710000000000015,5.869,9.955,15.758,23.563,30.492,38.446999999999996,51.021,180.0,0,11,65,21,0,0,0,0,0,1,0,0,0,0,0.213
337,20030802,2.924,20.455,77.41645833333334,6.0429999999999975,98.544,123.92200000000001,73.9454583333,2.1720271244596194,22.7827,2.57908,1.3375,0.135125,8,9.576999999999998,11.113999999999995,13.775999999999998,18.8,25.148000000000003,36.535,40.62,56.54899999999999,180.0,0,11,65,21,0,0,0,0,0,1,0,0,0,0,0.221
338,20030803,1.835,16.789,91.23481250000002,14.538,98.42399999999999,86.051,52.7511875,1.520931584513025,3.93764,-1.0802100000000001,1.3250000000000002,0.13155,8,20.581,24.114999999999995,26.449999999999992,30.535999999999994,36.33899999999999,49.88599999999999,55.073999999999984,69.914,180.0,0,11,65,21,0,0,0,0,0,1,0,0,0,0,0.266
339,20030804,1.425,15.661,84.15622916666666,1.965,98.56200000000001,186.907,129.47102083299998,2.4924510211187707,50.7597,0.250646,1.3125,0.127975,8,16.503,22.546,27.617,30.279,38.304,47.61299999999999,57.03899999999999,71.717,180.0,0,11,65,21,0,0,0,0,0,1,0,0,0,0,0.258
340,20030805,2.229,13.902999999999999,86.50629166666666,4.418,98.7,70.902,40.5082083333,1.1961062368300952,14.0155,-3.31567,1.3,0.1244,8,6.382999999999999,20.921,30.498,32.833,39.721,51.11899999999999,61.457,75.763,180.0,0,11,65,21,0,0,0,0,0,1,0,0,0,0,0.20199999999999999
341,20030806,2.158,13.027000000000001,75.70706249999998,0.0,99.064,160.207,97.17695833329999,1.856759866216792,50.0582,-0.622958,1.2875,0.12275,8,4.418,6.382999999999999,26.964000000000002,32.035,36.919000000000004,50.527,57.45599999999999,75.763,180.0,0,11,65,21,0,0,0,0,0,1,0,0,0,0,0.18899999999999997
342,20030807,1.101,13.327,76.19866666666667,0.113,98.602,214.748,150.29723913,2.3800353085683112,71.7582,2.6226700000000003,1.275,0.1211,8,0.113,4.5310000000000015,21.034000000000002,30.611,34.809999999999995,46.181999999999995,57.56899999999999,75.747,180.0,0,11,65,21,0,0,0,0,0,1,0,0,0,0,0.203
343,20030808,3.312,11.915999999999999,74.03302083333334,2.008,98.559,126.11200000000001,76.7693333333,1.5450189263591183,36.5898,-1.07981,1.2625000000000002,0.11945,8,2.121,2.121,8.504,29.085,34.954,44.843,58.38999999999999,77.75500000000002,180.0,0,11,65,21,0,0,0,0,0,1,0,0,0,0,0.191
344,20030809,2.877,10.039,73.78685416666667,0.583,98.704,196.517,125.811770833,1.84258375399442,61.7405,-2.5979200000000002,1.25,0.1178,8,2.591,2.704,7.122000000000001,23.625,34.739000000000004,45.426,54.73499999999999,73.89699999999998,180.0,0,11,65,21,0,0,0,0,0,1,0,0,0,0,0.19399999999999998
345,20030810,2.698,9.918,77.43208333333331,0.0,99.00200000000001,66.654,44.4541875,0.9208659689486712,11.6576,-3.30829,1.2375,0.11615,8,0.583,2.591,2.7039999999999997,9.087,33.202,42.425,53.82299999999999,71.854,180.0,0,11,65,21,0,0,0,0,0,1,0,0,0,0,0.191
346,20030811,1.4869999999999999,11.642999999999999,84.507625,0.6,98.897,93.809,66.04875,1.1765278898823617,28.826999999999998,1.35227,1.225,0.1145,8,0.6,1.1829999999999998,3.304,7.721999999999999,30.268,40.223,53.831,68.715,180.0,0,11,65,21,0,0,0,0,0,1,0,0,0,0,0.203
347,20030812,1.423,13.5,87.71306249999998,0.196,98.883,111.48899999999999,78.4152340426,1.5793243854854428,31.0537,3.27448,1.2125,0.11285,8,0.7959999999999999,0.7959999999999999,3.387,3.5,24.421,38.196999999999996,49.569,65.041,180.0,0,11,65,21,0,0,0,0,0,1,0,0,0,0,0.20199999999999999
348,20030813,1.0959999999999999,14.030999999999999,84.83960416666666,1.854,98.632,110.95299999999999,79.9771041667,1.7193755533528612,31.2775,2.97392,1.2000000000000002,0.1112,8,2.0500000000000003,2.6500000000000004,3.2330000000000005,5.354000000000001,11.737000000000002,38.187,48.07599999999999,66.81099999999999,180.0,0,11,65,21,0,0,0,0,0,1,0,0,0,0,0.19899999999999998
349,20030814,1.4280000000000002,12.963,79.32572916666669,0.248,98.036,138.003,92.3059375,1.9355132471957823,39.4863,0.989792,1.175,0.1072625,8,2.1020000000000003,2.2980000000000005,2.898000000000001,5.489000000000001,10.02,37.637,48.324,67.059,180.0,0,11,65,21,0,0,0,0,0,1,0,0,0,0,0.201
350,20030815,1.7730000000000001,13.944,75.14675,0.16899999999999998,97.824,139.7,85.6175652174,1.8475629966674023,36.2232,2.05238,1.15,0.103325,8,0.41700000000000004,2.271,3.0669999999999997,3.65,5.771000000000001,36.269,45.492,67.22800000000001,180.0,0,11,65,21,0,0,0,0,0,1,0,0,0,0,0.193
351,20030816,2.241,11.692,80.82529166666666,0.062,97.931,152.016,94.8259375,1.3149257621868915,56.9752,0.224833,1.125,0.0993875,8,0.231,0.479,2.5290000000000004,3.1290000000000004,5.833000000000001,32.797,42.752,63.28899999999999,180.0,0,11,65,21,0,0,0,0,0,1,0,0,0,0,0.192
352,20030817,2.063,10.604000000000001,82.96225,0.0,98.19,101.93700000000001,64.6364375,1.2911324436742202,26.9176,-1.73167,1.1,0.09545,8,0.062,0.231,2.333,3.1290000000000004,5.7200000000000015,26.754,40.53,63.28899999999999,180.0,0,11,65,21,0,0,0,0,0,1,0,0,0,0,0.192
353,20030818,1.9140000000000001,10.863,70.48143750000001,0.0,98.507,123.083,68.6468297872,1.5038861823881196,32.5727,-1.56981,1.075,0.0915125,8,0.0,0.062,0.479,2.5290000000000004,3.7120000000000006,12.216,38.666,62.10199999999999,180.0,0,11,65,21,0,0,0,0,0,1,0,0,0,0,0.192
354,20030819,1.834,12.112,67.85860416666667,0.0,98.23200000000001,212.12,129.306854167,1.8216969489869312,59.2974,0.19683299999999998,1.05,0.087575,8,0.0,0.0,0.231,2.333,3.1290000000000004,10.251,37.868,57.86399999999999,180.0,0,11,65,21,0,0,0,0,0,1,0,0,0,0,0.193
355,20030820,1.304,12.115,90.52708333333334,0.784,97.626,83.084,49.3692916667,1.3480223516693697,7.643389999999999,0.941542,1.025,0.0836375,8,0.784,0.784,0.8460000000000001,1.263,3.913,6.617000000000001,37.115,57.73599999999999,180.0,0,11,65,21,0,0,0,0,0,1,0,0,0,0,0.192
356,20030821,1.5930000000000002,12.825999999999999,96.15485416666668,3.408,96.955,55.791000000000004,34.0100833333,1.1955976815992542,-0.8125859999999999,0.45775,1.0,0.07970000000000001,8,4.192,4.192,4.192,4.423,6.721,10.025,36.989000000000004,60.55199999999999,180.0,0,11,65,21,0,0,0,0,0,1,0,0,0,0,0.19399999999999998
357,20030822,1.2819999999999998,13.434000000000001,91.92479166666664,5.751,96.986,102.42200000000001,64.9981914894,2.2655412870038303,15.0539,2.7431200000000002,0.9875,0.07641250000000001,8,9.158999999999999,9.943,9.943,10.005,12.276,15.663,36.696999999999996,61.845,180.0,0,11,65,21,0,0,0,0,0,1,0,0,0,0,0.18899999999999997
358,20030823,2.109,11.004000000000001,90.71664583333332,0.4920000000000001,97.541,39.863,28.42475,0.6532594668805285,9.47993,-1.78565,0.975,0.07312500000000001,8,6.242999999999999,9.651,10.435,10.435,10.914000000000001,14.147,22.651,58.99,180.0,0,11,65,21,0,0,0,0,0,1,0,0,0,0,0.195
359,20030824,2.333,9.744,83.28925,0.046,98.391,89.366,63.7521458333,1.2412034959475584,31.3238,-0.88825,0.9625,0.0698375,8,0.5380000000000001,6.2890000000000015,10.481000000000002,10.481000000000002,10.712000000000002,13.61,20.732,59.036,180.0,0,11,65,21,0,0,0,0,0,1,0,0,0,0,0.18
360,20030825,1.699,8.557,82.16247916666666,0.327,98.397,106.73,65.9879166667,1.7463934949008015,21.7054,-2.0297099999999997,0.95,0.06655,8,0.373,0.8650000000000001,10.024,10.808000000000002,10.87,13.937000000000001,16.641000000000002,56.361999999999995,180.0,0,11,65,21,0,0,0,0,0,1,0,0,0,0,0.18
361,20030826,2.378,7.351,85.0094375,0.26,97.685,104.47399999999999,73.3256875,2.249962686974932,13.3397,-4.26696,0.9375,0.0632625,8,0.5870000000000001,0.633,6.876,11.068,11.068,13.597,16.901,53.82,180.0,0,11,65,21,0,0,0,0,0,1,0,0,0,0,0.18
362,20030827,4.144,6.607,88.85833333333332,5.212999999999999,97.016,36.176,22.8207708333,1.4450013937496615,-21.4304,-6.96117,0.925,0.059975,8,5.472999999999999,5.799999999999999,6.337999999999999,15.496999999999998,16.281,18.614,22.000999999999998,56.81099999999999,180.0,0,11,65,21,0,0,0,0,0,1,0,0,0,0,0.184
363,20030828,3.448,7.497000000000001,91.76383333333335,3.562,96.557,43.17,30.94075,1.2961607526703056,-3.96725,-2.36833,0.9125,0.0566875,8,8.774999999999999,9.034999999999998,9.407999999999998,15.651,19.843,20.322000000000006,23.555000000000003,58.50900000000001,180.0,0,11,65,21,0,0,0,0,0,1,0,0,0,0,0.18
364,20030829,3.281,7.996,93.54439583333334,3.03,96.84,49.641999999999996,35.606229166700004,1.573239143944844,-6.26952,-1.0804799999999999,0.9,0.0534,8,6.5920000000000005,11.805,12.392000000000001,12.93,22.873,23.10400000000001,26.00200000000001,60.74100000000001,180.0,0,11,65,21,0,0,0,0,0,1,0,0,0,0,0.281
365,20030830,2.5839999999999996,5.4110000000000005,80.0351875,0.7759999999999999,97.48700000000001,88.73100000000002,52.2331041667,1.6536874092376734,13.7451,-5.3489,0.8875000000000001,0.0549125,8,3.806,7.3679999999999986,12.841,13.214,22.865,23.711,26.77800000000001,59.98,180.0,0,11,65,21,0,0,0,0,0,1,0,0,0,0,0.266
366,20030831,2.574,3.605,77.75725,0.513,97.772,119.302,69.4018958333,1.67329037679431,25.1773,-8.68796,0.875,0.056425,8,1.2890000000000001,4.319,13.094000000000001,13.681,19.97,24.162,26.69100000000001,56.95900000000001,180.0,0,11,65,21,0,0,0,0,0,1,0,0,0,0,0.258
367,20030901,2.1319999999999997,2.3169999999999997,76.71470833333333,0.428,98.493,128.404,66.7509148936,1.484852157521631,38.9269,-8.31017,0.8625,0.0579375,9,0.941,1.717,8.309,13.781999999999998,14.646999999999998,24.59,26.923,51.34400000000001,180.0,0,11,65,21,0,0,0,0,0,1,0,0,0,0,0.25
368,20030902,1.197,2.963,74.38585416666666,0.174,98.726,150.468,69.47800000000001,1.6433926129519436,37.1655,-6.214519999999999,0.8500000000000001,0.05945,9,0.602,1.115,4.9209999999999985,13.695999999999998,14.328999999999995,24.764,25.243,36.98,180.0,0,11,65,21,0,0,0,0,0,1,0,0,0,0,0.209
369,20030903,3.1860000000000004,3.573,89.44299999999998,5.659,97.771,39.588,20.5638958333,1.1815512109880637,14.165999999999999,-4.92375,0.8375,0.0609625,9,5.8329999999999975,6.261,7.55,14.142,19.942,30.423000000000002,30.654000000000003,40.67400000000001,180.0,0,11,65,21,0,0,0,0,0,1,0,0,0,0,0.244
370,20030904,2.125,8.759,79.26100000000002,1.2770000000000001,97.807,147.84,84.84299999999998,1.7873860008544469,29.3017,0.177042,0.8250000000000001,0.062475,9,6.936,7.11,8.051,11.857,20.892,30.916000000000004,31.762000000000004,37.533,180.0,0,11,65,21,0,0,0,0,0,1,0,0,0,0,0.266
371,20030905,1.558,8.374,78.63447916666667,0.18100000000000002,98.686,113.34200000000001,59.7952340426,1.5196400616506966,13.7153,-0.0346875,0.8125,0.0639875,9,1.4580000000000002,7.117000000000001,7.7189999999999985,9.008,20.813000000000002,27.689000000000004,31.881000000000004,37.714,180.0,0,11,65,21,0,0,0,0,0,1,0,0,0,0,0.251
372,20030906,1.1159999999999999,12.554,76.1173125,0.081,98.89399999999999,147.399,92.57304166670001,1.683085572551364,41.2265,3.96483,0.8,0.0655,9,0.262,1.5390000000000001,7.372000000000001,8.312999999999999,15.681,22.019000000000002,31.962000000000003,37.681999999999995,180.0,0,11,65,21,0,0,0,0,0,1,0,0,0,0,0.17600000000000002
373,20030907,2.485,13.171,76.78154166666666,0.0,98.955,139.358,80.6027083333,1.872520201467708,12.811,3.36058,0.7875000000000001,0.0604875,9,0.081,0.262,7.198,7.8000000000000025,12.119000000000002,21.527,31.962000000000003,35.67399999999999,180.0,0,11,65,21,0,0,0,0,0,1,0,0,0,0,0.214
374,20030908,2.327,11.224,83.253625,0.0,98.863,106.84700000000001,53.2125416667,1.2521611958849568,20.4011,1.94144,0.775,0.055475,9,0.0,0.081,1.5390000000000001,7.372000000000001,9.089,21.481,31.962000000000003,35.090999999999994,180.0,0,11,65,21,0,0,0,0,0,1,0,0,0,0,0.195
375,20030909,1.157,10.869000000000002,90.2984375,0.0,99.148,91.884,50.7843333333,1.1485578521799862,28.5294,2.39319,0.7625000000000001,0.0504625,9,0.0,0.0,0.262,7.198,8.312999999999999,21.154,31.178000000000004,35.090999999999994,180.0,0,11,65,21,0,0,0,0,0,1,0,0,0,0,0.214
376,20030910,1.2819999999999998,11.19,82.7345,0.0,99.303,138.49,82.991375,1.5900804360755418,25.294,0.157458,0.75,0.04545,9,0.0,0.0,0.081,1.5390000000000001,7.8,20.894,27.770000000000003,34.49099999999999,180.0,0,11,65,21,0,0,0,0,0,1,0,0,0,0,0.212
377,20030911,2.123,12.261,74.99777083333333,0.0,99.00299999999999,143.708,83.7213125,1.9322064465121704,8.42713,-1.2519,0.7375,0.0404375,9,0.0,0.0,0.0,0.262,7.372000000000001,15.681,22.019,34.294999999999995,180.0,0,11,65,21,0,0,0,0,0,1,0,0,0,0,0.182
378,20030912,1.347,9.127,88.93687499999999,0.063,98.613,112.31700000000001,65.470625,0.8487971853715198,33.435,-1.49298,0.7250000000000001,0.035425000000000005,9,0.063,0.063,0.063,0.14400000000000002,7.260999999999999,12.182,21.59,32.504,180.0,0,11,65,21,0,0,0,0,0,1,0,0,0,0,0.198
379,20030913,1.278,9.767999999999999,87.83522916666668,0.05,98.90100000000001,103.29899999999999,58.5122083333,1.13876313147833,21.6199,1.47119,0.7125,0.0304125,9,0.113,0.113,0.113,0.113,1.652,9.202,21.594,32.306,180.0,0,11,65,21,0,0,0,0,0,1,0,0,0,0,0.2
380,20030914,2.972,10.457,81.34347916666667,4.357,97.897,64.37,21.5619166667,1.8137243899161952,-11.1738,-0.397042,0.7000000000000001,0.0254,9,4.407,4.47,4.47,4.47,4.732,12.783,25.624000000000002,36.494,180.0,0,11,65,21,0,0,0,0,0,1,0,0,0,0,0.258
381,20030915,3.077,10.698,71.51702083333333,1.254,96.70200000000001,74.585,29.7688125,1.8056833298490635,-19.8474,0.761625,0.6875,0.0252,9,5.6110000000000015,5.6610000000000005,5.724,5.724,5.8050000000000015,13.524000000000001,26.618,37.68600000000001,180.0,0,11,65,21,0,0,0,0,0,1,0,0,0,0,0.258
382,20030916,3.3480000000000003,7.284,69.70841666666666,0.8140000000000001,96.895,115.05799999999999,58.3458958333,1.406085409967642,28.3327,-5.21621,0.675,0.025,9,2.068,6.4250000000000025,6.537999999999999,6.5379999999999985,6.537999999999999,13.91,22.219,38.50000000000001,180.0,0,11,65,21,0,0,0,0,0,1,0,0,0,0,0.258
383,20030917,1.3230000000000002,4.191,81.08066666666667,0.0,97.654,108.852,46.4596976744,1.2480437466725047,32.5704,-6.43048,0.6625000000000001,0.024800000000000003,9,0.8140000000000001,2.068,6.4750000000000005,6.5379999999999985,6.537999999999999,13.736,18.657,38.50000000000001,180.0,0,11,65,21,0,0,0,0,0,1,0,0,0,0,0.258
384,20030918,3.159,5.763,96.02222916666666,9.782,96.56700000000001,26.002,6.9221875,1.1864050431459403,-39.4202,-1.4740799999999998,0.65,0.0246,9,9.782,10.595999999999998,16.207,16.32,16.32,17.859,25.409,48.282,180.0,0,11,65,21,0,0,0,0,0,1,0,0,0,0,0.253
385,20030919,3.0789999999999997,3.592,86.86354166666666,2.4530000000000003,96.552,98.376,58.40075,1.9002828415365256,7.04373,-5.00385,0.6375000000000001,0.0244,9,12.235,12.235,14.303,18.71,18.773,19.035,27.086,49.95099999999999,180.0,0,11,65,21,0,0,0,0,0,1,0,0,0,0,0.273
386,20030920,1.9809999999999999,1.922,86.13564583333334,1.709,97.67299999999999,66.699,31.67375,1.191944718025146,0.874656,-7.0380199999999995,0.625,0.024200000000000003,9,4.162000000000001,13.944,14.758,20.369,20.482,20.563,28.281999999999996,48.25199999999999,180.0,0,11,65,21,0,0,0,0,0,1,0,0,0,0,0.251
387,20030921,1.659,5.7829999999999995,82.81693750000002,1.194,97.38600000000001,75.727,42.9040625,1.2353320571717197,4.64328,-0.527833,0.6125,0.024,9,2.903,5.356,15.138,17.206,21.676,21.676,29.048000000000002,43.69499999999999,180.0,0,11,65,21,0,0,0,0,0,1,0,0,0,0,0.253
388,20030922,2.427,7.7570000000000014,91.21595833333332,0.5820000000000001,96.31700000000001,50.93,30.5451489362,1.6891377199463553,0.11167300000000001,3.7066199999999996,0.6000000000000001,0.0238,9,1.776,3.4850000000000003,15.72,16.534000000000002,22.195,22.25800000000001,29.456,43.785,180.0,0,11,65,21,0,0,0,0,0,1,0,0,0,0,0.265
389,20030923,3.0869999999999997,8.853,96.03610416666668,22.04,95.025,11.520999999999999,2.9848260869599996,1.9463764607248435,-54.3521,3.07552,0.5875,0.0227125,9,22.622,23.816,27.978,37.76,44.185,44.298,45.837,65.779,180.0,0,11,65,21,0,0,0,0,0,1,0,0,0,0,0.281
390,20030924,4.37,4.613,69.72941666666667,3.062,96.4,83.355,33.153104166700004,2.2900935832109863,-15.6819,-8.795119999999999,0.5750000000000001,0.021625,9,25.101999999999997,25.684,28.587,40.822,42.89,47.36,47.622,68.514,180.0,0,11,65,21,0,0,0,0,0,1,0,0,0,0,0.29600000000000004
391,20030925,3.592,3.741,77.46002083333333,4.745,97.23200000000001,93.09299999999999,47.4756041667,1.9966518779924405,-3.1823,-6.91067,0.5625,0.0205375,9,7.807,29.847,31.623,35.78500000000001,46.38100000000001,52.105,52.18600000000001,72.999,180.0,0,11,65,21,0,0,0,0,0,1,0,0,0,0,0.265
392,20030926,1.2930000000000001,1.229,81.49483333333335,0.0,98.521,96.162,45.6423541667,1.1821058380550713,14.6475,-10.8448,0.55,0.01945,9,4.745,7.807,30.429,33.332,45.56700000000001,52.105,52.105,67.786,180.0,0,11,65,21,0,0,0,0,0,1,0,0,0,0,0.273
393,20030927,1.774,1.261,97.504875,2.175,98.045,26.81,11.71525,0.5983959793087531,-11.7813,-3.65029,0.5375,0.0183625,9,2.175,6.92,32.022,33.798,47.742,54.217,54.28,66.399,180.0,0,11,65,21,0,0,0,0,0,1,0,0,0,0,0.273
394,20030928,1.8769999999999998,0.043,95.23952083333334,0.107,98.652,17.076,4.5379375,0.3676469867617684,-15.8578,-7.13687,0.525,0.017275000000000002,9,2.282,2.282,10.089,32.711,38.06700000000001,54.274,54.387,63.476000000000006,180.0,0,11,65,21,0,0,0,0,0,1,0,0,0,0,0.266
395,20030929,1.7690000000000001,3.161,98.10279166666668,2.647,98.272,9.907,6.8685,0.5378169493292346,-10.3808,0.312729,0.5125000000000001,0.0161875,9,2.7539999999999996,4.9289999999999985,9.674,34.775999999999996,38.260999999999996,52.56400000000001,57.034000000000006,65.34700000000002,180.0,0,11,65,21,0,0,0,0,0,1,0,0,0,0,0.273
396,20030930,1.082,3.042,98.38958333333332,3.4139999999999997,98.211,21.377,14.21925,0.7779149154798995,-8.47376,0.248792,0.5,0.0151,9,6.061,6.1679999999999975,8.343,16.150000000000002,39.966,54.72400000000001,60.44800000000001,68.24800000000002,180.0,0,11,65,21,0,0,0,0,0,1,0,0,0,0,0.29600000000000004
397,20031001,0.605,2.094,95.3881875,0.521,98.007,19.512999999999998,2.39885416667,0.6218006158641592,-5.48193,-2.7385200000000003,0.5,0.01575,10,3.935,6.581999999999999,8.863999999999997,13.608999999999998,39.293,54.43100000000001,60.96900000000001,68.34100000000002,180.0,0,11,65,21,0,0,0,0,0,1,0,0,0,0,0.281
398,20031002,0.88,1.2790000000000001,97.6936875,0.53,97.839,25.059,13.9859791667,0.3510714313018821,-0.39033,-3.52846,0.5,0.0164,10,1.0510000000000002,4.465,7.2189999999999985,9.394,39.241,54.96100000000001,61.43600000000001,68.69700000000002,180.0,0,11,65,21,0,0,0,0,0,1,0,0,0,0,0.273
399,20031003,1.561,3.0269999999999997,96.535375,0.354,97.565,28.868000000000002,14.2329375,0.4680170679059948,-0.15557100000000001,-0.8857290000000001,0.5,0.01705,10,0.884,1.405,7.465999999999997,9.748,17.555,45.53300000000001,61.74000000000001,63.39200000000001,180.0,0,11,65,21,0,0,0,0,0,1,0,0,0,0,0.266
400,20031004,3.27,7.6270000000000024,87.84577083333332,1.6,97.154,17.128,8.19972916667,0.9572173807206934,-13.9356,4.55781,0.5,0.0177,10,1.954,2.484,6.4190000000000005,9.172999999999998,16.093,44.68000000000001,58.983,63.715,180.0,0,11,65,21,0,0,0,0,0,1,0,0,0,0,0.264
401,20031005,2.6310000000000002,7.019,96.85902083333332,4.0310000000000015,96.965,11.327,5.12339583333,0.7388984632411884,-17.8055,3.1952700000000003,0.5,0.01835,10,5.631000000000002,5.985000000000002,7.036000000000002,13.097000000000005,15.379,47.002,61.76000000000001,67.56500000000001,180.0,0,11,65,21,0,0,0,0,0,1,0,0,0,0,0.273
402,20031006,2.608,5.867999999999999,94.24025,3.319,96.635,22.709,12.283375,1.2828843511733057,-33.6259,1.12394,0.5,0.019,10,7.350000000000001,8.950000000000003,9.834,13.769,18.698,49.127,64.26500000000001,70.80300000000003,180.0,0,11,65,21,0,0,0,0,0,1,0,0,0,0,0.28800000000000003
403,20031007,2.1719999999999997,4.336,93.806875,1.155,96.789,26.009,13.526770833299999,0.8210680793299922,-16.7399,-1.2739200000000002,0.5,0.01965,10,4.474,8.505000000000003,10.459,11.510000000000002,17.678,49.7,65.42000000000002,71.95800000000001,180.0,0,11,65,21,0,0,0,0,0,1,0,0,0,0,0.273
404,20031008,2.802,5.6229999999999976,97.86670833333336,6.33,95.303,7.273,3.8446875,0.9988414844121734,-32.8917,0.566792,0.5,0.0203,10,7.485,10.804,16.435000000000002,17.319000000000006,23.901000000000003,33.99,61.96800000000001,78.28800000000003,180.0,0,11,65,21,0,0,0,0,0,1,0,0,0,0,0.29600000000000004
405,20031009,2.012,4.734,94.7985625,0.831,95.82600000000001,29.255,9.524979166669999,0.8723941343125803,-12.4487,-1.9668299999999999,0.4875,0.0201625,10,7.1610000000000005,8.315999999999999,15.665999999999999,17.62,22.085000000000004,31.759,60.34600000000001,79.11900000000001,180.0,0,11,65,21,0,0,0,0,0,1,0,0,0,0,0.28800000000000003
406,20031010,1.534,2.6039999999999996,93.35691666666666,0.495,96.44,29.634,-0.0716458333333,0.4330933227116995,-10.1689,-5.90187,0.475,0.020025,10,1.3259999999999998,7.6560000000000015,12.13,17.761000000000006,19.166000000000004,27.509000000000004,59.13200000000001,79.61400000000002,180.0,0,11,65,21,0,0,0,0,0,1,0,0,0,0,0.273
407,20031011,1.2009999999999998,0.17600000000000002,98.78125,0.20199999999999999,96.766,24.153000000000002,15.134583333299998,0.036386691846761236,-1.97708,-5.1033300000000015,0.4625,0.0198875,10,0.6970000000000001,1.528,9.013,16.363000000000003,18.847000000000005,27.711,58.14,79.81600000000002,180.0,0,11,65,21,0,0,0,0,0,1,0,0,0,0,0.273
408,20031012,1.0490000000000002,2.028,98.23683333333334,0.057999999999999996,98.037,27.214000000000002,10.8515,0.27280890311983963,0.6930189999999999,-2.0034,0.45,0.01975,10,0.26,0.755,7.916,12.39,18.375000000000004,25.594,57.61600000000001,79.811,180.0,0,11,65,21,0,0,0,0,0,1,0,0,0,0,0.266
409,20031013,1.722,0.308,90.56702083333334,0.141,99.596,54.02,13.8819375,0.3187621934602954,0.041022300000000005,-8.07615,0.4375,0.0196125,10,0.199,0.401,1.727,9.212,18.162000000000006,25.628,35.717,79.902,180.0,0,11,65,21,0,0,0,0,0,1,0,0,0,0,0.266
410,20031014,2.14,-0.139,84.55287499999999,0.0,100.288,54.608000000000004,7.726645833330001,0.26371230930157874,3.9588699999999997,-6.649210000000001,0.425,0.019475,10,0.141,0.19899999999999998,0.8959999999999999,8.057,16.562,22.981,32.655,75.545,180.0,0,11,65,21,0,0,0,0,0,1,0,0,0,0,0.173
411,20031015,1.045,-1.6840000000000002,91.779875,0.139,99.96700000000001,27.47300000000001,5.509125,0.15477938843136774,-2.05,-6.50667,0.4125,0.0193375,10,0.139,0.28,0.54,1.866,12.669999999999998,19.706000000000003,28.049000000000003,74.43,180.0,0,11,65,21,0,0,0,0,0,1,0,0,0,0,0.258
412,20031016,1.8230000000000002,4.546,86.86666666666667,1.749,99.036,13.343,0.491833333333,0.5105745200361439,-14.0423,-4.25296,0.4,0.0192,10,1.888,1.8880000000000001,2.087,2.784,11.1,20.934000000000005,29.798000000000005,75.36500000000002,180.0,0,11,65,21,0,0,0,0,0,1,0,0,0,0,0.258
413,20031017,3.928,4.793,75.31527083333333,3.898,97.46700000000001,40.656,0.8430425531910001,0.4570383383484074,-17.8485,-0.281104,0.3875,0.0176375,10,5.647,5.7860000000000005,5.9270000000000005,6.187,13.843,24.302000000000003,31.521000000000004,79.26299999999998,180.0,0,11,65,21,0,0,0,0,0,1,0,0,0,0,0.273
414,20031018,3.483,-2.117,93.95841666666666,0.593,97.70100000000001,30.886999999999997,-3.63083333333,0.09607303269351887,0.497929,-3.33417,0.375,0.016075000000000002,10,4.4910000000000005,6.24,6.379,6.5779999999999985,8.106,24.541000000000004,32.007000000000005,70.074,180.0,0,11,65,21,0,0,0,0,0,1,0,0,0,0,0.266
415,20031026,2.385,-8.062000000000001,90.13120833333336,0.003,97.40799999999999,19.137,-3.84820833333,0.005197533376649743,1.5384799999999998,-5.53823,0.30000000000000004,0.00935,10,0.5379999999999999,1.372,1.8419999999999999,2.166,7.391,9.478,18.491,37.189,180.0,0,11,65,21,0,0,0,0,0,1,0,0,0,0,0.25
416,20031109,1.621,-2.31,97.3993125,0.013999999999999999,100.516,11.376,-17.5844791667,0.013340149872596995,1.97197,-1.09392,0.2,0.0182,11,0.065,0.7,1.087,3.722,9.409999999999998,20.875,22.88300000000001,30.552,180.0,0,11,65,21,0,0,0,0,0,1,0,0,0,0,0.273
417,20031112,1.351,-2.229,97.03964583333334,1.422,98.977,4.599,-1.2211458333299998,0.001977888379887568,0.662107,-1.3470799999999998,0.125,0.017225,11,1.422,1.422,1.487,2.305,5.144,13.025999999999998,23.666,31.573,180.0,0,11,65,21,0,0,0,0,0,1,0,0,0,0,0.266
418,20031113,1.088,-5.6229999999999976,95.92845833333332,0.38299999999999995,99.01799999999999,12.989,0.35392682926799995,0.001023220560387914,-0.00280746,-3.7671900000000003,0.1,0.016900000000000002,11,1.805,1.805,1.819,2.505,4.569,11.424,23.215,31.956,180.0,0,11,65,21,0,0,0,0,0,1,0,0,0,0,0.266
419,20031114,1.676,-2.594,98.09652083333332,1.297,98.31700000000001,1.7109999999999999,0.0254583333333,0.0008733814731388267,0.10080399999999999,-3.0106,0.07500000000000001,0.016575,11,1.68,3.102,3.102,3.167,4.188999999999999,12.512,23.977,33.114000000000004,180.0,0,11,65,21,0,0,0,0,0,1,0,0,0,0,0.266
420,20031115,1.3119999999999998,-2.241,98.02289583333334,0.527,97.97399999999999,2.367,0.0336458333333,0.0008474528615142048,0.116003,-1.51135,0.05,0.01625,11,1.824,2.207,3.629,3.6429999999999993,4.512,12.128,24.501,31.892,180.0,0,11,65,21,0,0,0,0,0,1,0,0,0,0,0.258
421,20031116,1.732,-0.397,99.58264583333334,2.492,97.77600000000001,2.0580000000000003,0.139875,0.0035279394388245625,0.151756,-1.1711,0.025,0.015925,11,3.0189999999999997,4.316,6.121,6.121,6.8210000000000015,12.021,18.371,30.486000000000004,180.0,0,11,65,21,0,0,0,0,0,1,0,0,0,0,0.258
422,20031117,0.93,-2.88,97.98679166666666,0.39399999999999996,97.43299999999999,2.102,-0.404083333333,0.0038218202335256186,0.0599306,-0.670146,0.0,0.0156,11,2.886,3.4130000000000003,5.093,6.515,6.58,10.237,18.119,30.28700000000001,180.0,0,11,65,21,0,0,0,0,0,1,0,0,0,0,0.258
423,20031118,0.737,-11.443,91.48404166666666,0.24600000000000002,97.529,2.379,-3.15527083333,0.0018691737662737183,1.79561,-2.1987900000000002,0.0,0.015950000000000002,11,0.64,3.132,4.956,6.761,6.775,9.525,16.380000000000006,29.799000000000003,180.0,0,11,65,21,0,0,0,0,0,1,0,0,0,0,0.258
424,20031119,0.6679999999999999,-9.625,92.68745833333334,0.28,97.376,1.709,0.381347826087,0.00238973977938302,2.3636,-3.1941,0.0,0.016300000000000002,11,0.526,0.92,3.9389999999999996,5.619,7.041,8.128,16.451,29.924,180.0,0,11,65,21,0,0,0,0,0,1,0,0,0,0,0.258
425,20031120,0.8270000000000001,-7.166,94.5805,0.634,97.49,1.643,-0.151270833333,0.003049610553255055,2.1995,-2.59815,0.0,0.01665,11,0.914,1.16,4.046,5.87,7.675,8.558,16.174,30.389,180.0,0,11,65,21,0,0,0,0,0,1,0,0,0,0,0.258
426,20031121,0.863,-7.4620000000000015,94.316,0.479,97.91799999999999,1.7080000000000002,-0.466916666667,0.006003835571260954,2.69398,-2.30883,0.0,0.017,11,1.113,1.393,2.033,5.0520000000000005,8.154,8.854,14.053999999999998,30.868,180.0,0,11,65,21,0,0,0,0,0,1,0,0,0,0,0.258
427,20031122,0.62,-11.003,91.4194375,0.038,98.306,2.056,-0.648708333333,0.004067585094423344,1.9774200000000002,-2.72819,0.0,0.01735,11,0.517,1.151,1.6769999999999998,4.5630000000000015,6.7700000000000005,8.257,11.914000000000001,30.436,180.0,0,11,65,21,0,0,0,0,0,1,0,0,0,0,0.258
428,20031123,0.976,-11.583,90.6854375,0.32799999999999996,98.34299999999999,1.021,-0.138083333333,0.002327600648797362,1.56861,-3.64644,0.0,0.0177,11,0.366,0.845,1.759,2.3990000000000005,6.715,8.533999999999999,11.284,29.93,180.0,0,11,65,21,0,0,0,0,0,1,0,0,0,0,0.258
429,20031124,0.897,-15.251,87.43683333333333,0.14,97.898,1.296,-0.212958333333,0.017512749734994438,0.769908,-3.8226,0.0,0.01805,11,0.46799999999999997,0.506,1.619,2.145,5.5580000000000025,8.66,9.747,29.535,180.0,0,11,65,21,0,0,0,0,0,1,0,0,0,0,0.258
430,20031125,1.359,-11.561,90.62010416666668,0.29,97.83200000000001,2.457,-0.412604166667,0.0019412039703718077,1.18446,-3.90835,0.0,0.0184,11,0.43,0.758,1.275,2.189,5.3210000000000015,8.95,9.832999999999998,29.822,180.0,0,11,65,21,0,0,0,0,0,1,0,0,0,0,0.258
431,20031126,0.528,-17.38,85.53127083333334,0.052000000000000005,99.367,1.62,-0.583520833333,0.003631621807510228,-0.568303,-5.36735,0.0,0.0183625,11,0.342,0.482,0.8480000000000001,1.9609999999999999,2.8810000000000002,9.001999999999997,9.701999999999998,21.252,180.0,0,11,65,21,0,0,0,0,0,1,0,0,0,0,0.258
432,20031127,1.273,-8.15,93.64164583333336,0.193,99.193,0.625,0.291361702128,0.001892962179607914,1.40628,-3.5229,0.0,0.018325,11,0.245,0.5349999999999999,1.003,1.52,2.68,7.7730000000000015,9.26,20.799,180.0,0,11,65,21,0,0,0,0,0,1,0,0,0,0,0.258
433,20031128,1.811,-2.157,98.48683333333334,1.63,97.896,0.905,-0.141229166667,0.013262168719963344,2.11654,-1.11138,0.0,0.0182875,11,1.8230000000000002,1.875,2.305,2.6710000000000003,4.064,9.02,10.839000000000002,20.444000000000006,180.0,0,11,65,21,0,0,0,0,0,1,0,0,0,0,0.258
434,20031129,2.217,0.004,98.4285625,4.01,97.63799999999999,1.248,-2.60083333333,0.05804062969006779,1.7799099999999999,0.138771,0.0,0.01825,11,5.64,5.8329999999999975,6.174999999999999,6.642999999999999,7.794,11.732999999999999,14.835,24.245,180.0,0,11,65,21,0,0,0,0,0,1,0,0,0,0,0.266
435,20031130,3.3110000000000004,0.425,95.10629166666666,0.6759999999999999,98.25399999999999,0.6890000000000001,-2.7088125,0.08482955702852682,3.8661199999999996,0.237438,0.0,0.0182125,11,4.686,6.316,6.560999999999999,6.990999999999999,7.8359999999999985,11.881999999999998,15.511,24.01,180.0,0,11,65,21,0,0,0,0,0,1,0,0,0,0,0.266
436,20031201,2.827,1.565,99.45695833333332,2.28,98.54,0.652,-0.0255625,0.011415169373586042,0.429792,0.42020799999999997,0.0,0.018175,12,2.9559999999999995,6.9659999999999975,8.789,9.130999999999998,9.637,11.669999999999998,17.791,23.691,180.0,0,11,65,21,0,0,0,0,0,1,0,0,0,0,0.281
437,20031202,2.075,-1.3219999999999998,95.38820833333334,0.42100000000000004,98.74799999999999,0.9590000000000001,-26.3609166667,0.0052578317108613725,0.018483199999999998,1.8525200000000002,0.0,0.0181375,12,2.701,3.377,9.017000000000001,9.262,10.019999999999998,11.696999999999996,16.789999999999996,21.933999999999994,180.0,0,11,65,21,0,0,0,0,0,1,0,0,0,0,0.29600000000000004
438,20031206,3.344,-8.996,80.48416666666667,0.0,97.80799999999999,0.807,-48.6360833333,0.0008860339898395783,0.601487,-1.694,0.0,0.016225,12,0.73,5.7200000000000015,6.351000000000001,9.307,15.14,15.987999999999998,18.021,24.842,180.0,0,11,65,21,0,0,0,0,0,1,0,0,0,0,0.266
439,20031209,2.2159999999999997,-12.708,83.123125,0.0,98.10799999999999,0.56,-37.8117291667,0.02208748875882451,8.78091,-4.18513,0.0,0.01435,12,1.02,2.6430000000000002,3.373,8.573,11.95,18.125,19.744,26.785,180.0,0,11,65,21,0,0,0,0,0,1,0,0,0,0,0.259
440,20031216,1.598,-21.502,80.78045833333333,0.002,97.58200000000001,0.38299999999999995,2.81334042553,0.009846639445591564,3.6160099999999997,-3.04115,0.0,0.0121625,12,1.041,1.9080000000000001,4.597,8.392999999999999,11.036,17.387,26.176,29.057,180.0,0,11,65,21,0,0,0,0,0,1,0,0,0,0,0.251
441,20031217,1.035,-21.803,81.15762500000002,0.062,97.315,0.33899999999999997,-1.95897916667,0.004146749345961482,2.3115,-4.50042,0.0,0.011975,12,0.064,1.1030000000000002,1.987,5.327000000000001,9.475,17.028,26.045,28.725,180.0,0,11,65,21,0,0,0,0,0,1,0,0,0,0,0.251
442,20031220,2.178,-18.444000000000006,84.373625,0.09,96.87700000000001,0.748,-3.18014583333,0.0034294557873502897,1.6749599999999998,-2.0714200000000003,0.0,0.0117375,12,3.92,6.7860000000000005,6.85,8.756,12.113,17.884,26.515,34.351,180.0,0,11,65,21,0,0,0,0,0,1,0,0,0,0,0.25
443,20031221,1.36,-30.340999999999998,73.36247916666666,0.0,97.291,0.28600000000000003,4.99585416667,0.0012960731486769998,2.16439,-3.46081,0.0,0.011875,12,0.09,3.92,6.848,7.8889999999999985,11.445,17.884,24.235,33.872,180.0,0,11,65,21,0,0,0,0,0,1,0,0,0,0,0.25
444,20031224,2.104,-19.555,83.34654166666667,1.8780000000000001,96.87299999999999,0.501,-0.281375,0.002208058698715003,0.859468,-4.45527,0.0,0.0122875,12,1.8780000000000001,1.8780000000000001,1.9680000000000002,8.664,9.767000000000001,17.119,20.491999999999997,35.244,180.0,0,11,65,21,0,0,0,0,0,1,0,0,0,0,0.25
445,20031226,1.35,-12.963,89.57083333333333,0.3720000000000001,95.458,0.315,-1.83702083333,0.002267793087104843,0.570571,-0.755667,0.0,0.0125625,12,4.62,6.4979999999999976,6.4979999999999976,6.587999999999999,13.345999999999998,17.942999999999994,24.382,39.522,180.0,0,11,65,21,0,0,0,0,0,1,0,0,0,0,0.251
446,20031227,1.859,-16.577,86.42362500000002,2.812,96.09200000000001,0.40399999999999997,-0.38325,0.002154981703154848,0.38323,-1.6856900000000001,0.0,0.0127,12,3.1839999999999997,7.432,9.31,9.31,16.096,18.083,25.570999999999998,42.14100000000001,180.0,0,11,65,21,0,0,0,0,0,1,0,0,0,0,0.251
447,20031228,2.6489999999999996,-3.338,96.77289583333334,4.1960000000000015,94.5,0.376,-0.51175,0.009779979358598149,0.993691,-1.1104,0.0,0.01284,12,7.008000000000001,7.380000000000001,13.505999999999998,13.505999999999998,17.426000000000002,22.262000000000004,28.747000000000003,44.70700000000001,180.0,0,11,65,21,0,0,0,0,0,1,0,0,0,0,0.251
448,20040101,1.242,-28.934,75.05410416666669,0.177,99.70200000000001,0.667,-1.521875,0.0002952077456157592,0.0724068,-2.05908,0.0,0.0134,1,0.268,2.059,6.259000000000002,9.443,15.569000000000004,22.355000000000004,24.34200000000001,39.383,180.0,0,11,65,21,0,0,0,0,0,1,0,0,0,0,0.25
449,20040102,0.922,-20.701,82.55477083333334,0.106,99.28,0.41100000000000003,-1.031375,0.0004677689811760005,0.271125,-2.4519599999999997,0.0,0.0134875,1,0.28300000000000003,0.374,2.169,9.177,15.675,19.595,24.430999999999997,39.279,180.0,0,11,65,21,0,0,0,0,0,1,0,0,0,0,0.25
450,20040103,1.094,-19.067999999999998,83.90902083333333,0.297,98.589,0.752,-0.20347916666700008,6.254041523545132e-05,0.631315,-2.25923,0.0,0.013575,1,0.403,0.58,2.462,6.662000000000001,14.094,16.062,23.861000000000004,34.586,180.0,0,11,65,21,0,0,0,0,0,1,0,0,0,0,0.25
451,20040106,1.6669999999999998,-15.253,87.24235416666666,0.237,98.838,0.605,0.1215625,8.413896055603754e-05,0.00730697,-1.06523,0.0,0.0138375,1,0.25,0.5660000000000001,0.9690000000000001,1.237,7.2280000000000015,16.538,23.324,32.799,180.0,0,11,65,21,0,0,0,0,0,1,0,0,0,0,0.25
452,20040107,3.215,-10.298,91.59024999999998,1.159,98.12100000000001,0.773,-0.1314375,0.006809784412434471,-1.65098,-1.06158,0.0,0.013925,1,1.396,1.4089999999999998,2.022,2.305,4.190999999999999,17.697,21.617,32.938,180.0,0,11,65,21,0,0,0,0,0,1,0,0,0,0,0.25
453,20040108,2.524,-2.9160000000000004,97.613875,0.9940000000000001,97.662,0.52,-0.0544375,0.006428085127173168,-0.2607,-0.538958,0.0,0.0140125,1,2.153,2.39,2.719,3.122,5.181,16.813,18.781,33.931999999999995,180.0,0,11,65,21,0,0,0,0,0,1,0,0,0,0,0.25
454,20040109,2.805,-3.636,94.79514583333332,0.439,97.71700000000001,0.526,-0.677041666667,0.011904560716339151,0.15128,-0.10872899999999999,0.0,0.0141,1,1.433,2.592,2.842,3.455,3.8289999999999997,13.004,19.13,31.243,180.0,0,11,65,21,0,0,0,0,0,1,0,0,0,0,0.244
455,20040110,2.082,-4.863,92.51325,0.295,97.37299999999999,0.972,-1.50652083333,0.004949364575585345,0.07521900000000001,-0.002,0.0,0.0140875,1,0.7340000000000001,1.7280000000000002,3.1239999999999997,3.4530000000000003,4.033,12.927,19.425,30.87,180.0,0,11,65,21,0,0,0,0,0,1,0,0,0,0,0.244
456,20040111,2.97,-4.663,92.47158333333331,0.988,97.165,0.612,-2.2905,0.0029939414021770824,0.12316700000000001,-0.052645800000000006,0.0,0.014075,1,1.2830000000000001,1.722,3.875,4.125,4.8439999999999985,11.103,20.413,29.186,180.0,0,11,65,21,0,0,0,0,0,1,0,0,0,0,0.244
457,20040118,0.7559999999999999,-17.017,85.77504166666667,0.469,97.234,2.08,-0.98425,0.00046331247737080685,0.411214,-0.708688,0.0,0.014025,1,1.215,3.167,4.9209999999999985,7.084999999999999,8.806999999999997,11.526,13.988,27.588000000000005,180.0,0,11,65,21,0,0,0,0,0,1,0,0,0,0,0.244
458,20040119,1.706,-14.425999999999998,87.52983333333334,0.634,98.08,2.013,-0.271,0.00039050287010488174,0.6994630000000001,-0.981917,0.0,0.01405,1,1.103,1.849,4.5120000000000005,6.7070000000000025,9.002,11.844000000000001,12.831,28.132000000000005,180.0,0,11,65,21,0,0,0,0,0,1,0,0,0,0,0.244
459,20040120,2.14,-16.6,85.95629166666667,0.0,98.58,3.0589999999999997,-1.9985,7.851916283824709e-05,0.789392,-1.07229,0.0,0.014075,1,0.634,1.103,3.801,5.5550000000000015,8.707,11.831,12.740000000000002,28.132000000000005,180.0,0,11,65,21,0,0,0,0,0,1,0,0,0,0,0.244
460,20040121,2.127,-13.466,87.44029166666668,0.0,98.495,2.162,0.981208333333,0.002326381568615578,-0.12441300000000001,-1.3179,0.0,0.0141,1,0.0,0.634,1.849,4.5120000000000005,7.719000000000001,11.594000000000001,12.563000000000002,28.132000000000005,180.0,0,11,65,21,0,0,0,0,0,1,0,0,0,0,0.244
461,20040122,2.128,-21.791999999999998,79.95695833333333,0.053,97.979,4.607,-2.563,0.0008913196395689586,0.580201,-1.31969,0.0,0.014125,1,0.053,0.053,1.156,3.854,6.7600000000000025,10.488,12.510000000000002,28.185,180.0,0,11,65,21,0,0,0,0,0,1,0,0,0,0,0.236
462,20040201,2.374,-9.413,91.03397916666664,2.242,95.98100000000001,6.3320000000000025,-3.921875,0.04942283336036082,0.8649020000000001,-0.528187,0.0,0.0146375,2,4.489,6.1370000000000005,8.258,10.127999999999998,14.603999999999996,15.759999999999998,21.364,27.114,180.0,0,11,65,21,0,0,0,0,0,1,0,0,0,0,0.236
463,20040202,2.296,-13.872,87.74368750000002,0.354,96.969,15.095999999999998,7.092086956519999,0.00384882478919305,2.02237,-0.478458,0.0,0.0147,2,2.596,4.843,6.885999999999999,9.868999999999998,11.874999999999995,15.644999999999998,20.565999999999995,27.171,180.0,0,11,65,21,0,0,0,0,0,1,0,0,0,0,0.236
464,20040203,2.759,-8.633,91.95208333333332,4.357,97.24799999999999,6.886,-10.4490416667,0.11292749112670974,1.5448899999999999,-0.5762079999999999,0.0,0.0147875,2,4.711,6.9529999999999985,10.848,12.968999999999998,15.909999999999995,19.368,23.879999999999995,31.212,180.0,0,11,65,21,0,0,0,0,0,1,0,0,0,0,0.236
465,20040207,0.723,-20.069000000000006,83.14516666666667,0.17800000000000002,96.56,16.601,3.36091666667,0.0082675022436045,0.995376,-0.327021,0.0,0.0151375,2,1.182,1.375,10.452,13.047999999999998,17.337999999999994,22.326999999999998,26.097,34.904,180.0,0,11,65,21,0,0,0,0,0,1,0,0,0,0,0.236
466,20040208,1.109,-21.698,81.78054166666669,0.456,96.665,9.225,1.337875,0.0008274294295532019,-0.42988000000000004,-0.457229,0.0,0.015225,2,0.634,1.638,6.551,11.262,17.399,22.461,25.919,34.921,180.0,0,11,65,21,0,0,0,0,0,1,0,0,0,0,0.236
467,20040210,2.102,-20.471,82.47081250000002,0.018000000000000002,97.709,20.496,2.00910416667,0.006063827561909189,0.740766,-0.760937,0.0,0.0154,2,0.736,1.192,2.374,7.286999999999999,14.239999999999998,21.513,26.655,34.373999999999995,180.0,0,11,65,21,0,0,0,0,0,1,0,0,0,0,0.236
468,20040211,1.923,-23.204,80.15899999999998,0.0,98.684,21.81900000000001,1.9251875,0.0221537266701753,1.03588,-0.859188,0.0125,0.015325,2,0.018000000000000002,0.736,1.37,2.5669999999999997,11.997999999999998,20.256,26.602,33.361999999999995,180.0,0,11,65,21,0,0,0,0,0,1,0,0,0,0,0.236
469,20040214,1.944,-4.262,92.39727083333332,1.6,97.587,13.140999999999998,2.99375,0.031982582501243965,-2.22424,-0.79175,0.05,0.0151,2,3.537,4.499,4.517,5.691,7.065999999999999,20.986,26.625,34.955,180.0,0,11,65,21,0,0,0,0,0,1,0,0,0,0,0.244
470,20040215,3.091,-3.634,86.77358333333332,0.053,97.853,25.28,-7.7893125,0.02094047762448836,-1.59988,-0.486625,0.0625,0.015025,2,1.653,3.59,4.552,5.287999999999999,6.926,18.792,26.065,33.056,180.0,0,11,65,21,0,0,0,0,0,1,0,0,0,0,0.244
471,20040216,1.548,-9.07,93.3896875,0.831,98.277,17.766,2.49033333333,0.008596531289223991,0.575455,-0.287979,0.07500000000000001,0.01495,2,0.884,2.484,5.382999999999999,5.400999999999999,6.752999999999999,17.380999999999997,25.639,33.141,180.0,0,11,65,21,0,0,0,0,0,1,0,0,0,0,0.244
472,20040217,1.79,-11.331,90.03472916666666,2.028,98.069,24.997,12.1114583333,0.006186350098745497,0.00570821,-0.224208,0.08750000000000001,0.014875,2,2.859,2.912,6.4490000000000025,7.411,8.603,19.055,25.941,34.7,180.0,0,11,65,21,0,0,0,0,0,1,0,0,0,0,0.244
473,20040218,1.39,-11.720999999999998,89.313875,0.34,98.728,16.709,5.340375,0.006636839030023186,0.168182,-0.2145,0.1,0.0148,2,2.3680000000000003,3.199,4.852,7.750999999999999,8.487,15.037999999999995,25.886,34.40599999999999,180.0,0,11,65,21,0,0,0,0,0,1,0,0,0,0,0.236
474,20040219,2.3569999999999998,-8.3,91.84729166666666,3.9610000000000003,98.162,12.402999999999999,4.0795,0.01410835620999726,-2.01052,-0.224604,0.1,0.0140125,2,4.301,6.3290000000000015,7.212999999999999,10.75,11.73,14.279000000000002,28.199,38.36699999999999,180.0,0,11,65,21,0,0,0,0,0,1,0,0,0,0,0.236
475,20040220,3.75,3.3739999999999997,84.07066666666667,0.22,96.93299999999999,18.804000000000002,-7.220645833330001,0.1376309782407138,-12.3559,-0.194208,0.1,0.013225,2,4.181,4.521,7.379999999999999,9.033,11.932,14.306,26.172,38.58699999999999,180.0,0,11,65,21,0,0,0,0,0,1,0,0,0,0,0.25
476,20040221,2.461,-0.8170000000000001,76.94289583333334,0.066,96.759,16.267,-16.7366458333,0.2039192069115397,-5.79341,1.05817,0.1,0.0124375,2,0.28600000000000003,4.247,6.615,7.499,11.998,13.368,23.996,38.6,180.0,0,11,65,21,0,0,0,0,0,1,0,0,0,0,0.28800000000000003
477,20040222,2.761,-6.712999999999999,77.83972916666667,0.69,96.47,44.131,-0.4885,0.07181759508302883,-2.12541,0.835729,0.1,0.01165,2,0.7559999999999999,0.976,5.276999999999999,8.136000000000001,11.726,13.88,24.332,36.207,180.0,0,11,65,21,0,0,0,0,0,1,0,0,0,0,0.266
478,20040223,1.4509999999999998,-15.909,83.33983333333333,0.306,97.022,48.94,10.2269166667,0.009738530256596128,-2.2603400000000002,0.421729,0.1,0.0108625,2,0.996,1.062,5.242999999999999,7.6110000000000015,10.095,13.73,20.281,36.191,180.0,0,11,65,21,0,0,0,0,0,1,0,0,0,0,0.259
479,20040224,1.796,-14.651,87.32366666666668,0.0,97.071,38.018,6.596375,0.005675140651569534,-1.49527,-0.135979,0.1,0.010075,2,0.306,0.996,1.2819999999999998,5.5829999999999975,8.495000000000001,13.012,15.561,35.12,180.0,0,11,65,21,0,0,0,0,0,1,0,0,0,0,0.258
480,20040225,2.412,-11.743,81.53895833333333,0.45399999999999996,96.995,31.259,-1.89552083333,0.017477961451147852,-1.88998,-0.516896,0.1,0.0092875,2,0.45399999999999996,0.76,1.516,5.697,8.895999999999997,13.448,15.822000000000001,34.961,180.0,0,11,65,21,0,0,0,0,0,1,0,0,0,0,0.258
481,20040226,1.3090000000000002,-10.705,88.50977083333332,1.281,96.73899999999999,24.644000000000002,6.9722708333300005,0.022934651043429927,-0.0365524,-0.643771,0.1,0.0085,2,1.735,1.735,2.7310000000000003,3.017,9.346,14.729,16.099,34.98500000000001,180.0,0,11,65,21,0,0,0,0,0,1,0,0,0,0,0.251
482,20040227,1.4140000000000001,-15.452,85.59443749999998,0.474,96.961,51.615,34.1931041667,0.012852599152721751,0.12415699999999999,-0.5664170000000001,0.1,0.0093625,2,1.755,2.209,2.515,3.2709999999999995,7.7920000000000025,14.241,16.395,33.733000000000004,180.0,0,11,65,21,0,0,0,0,0,1,0,0,0,0,0.251
483,20040228,0.684,-22.564,78.50966666666666,0.03,97.679,43.714,45.5281666667,0.11033077928873038,8.81821,-0.580521,0.1,0.010225,2,0.504,1.785,2.239,3.235,7.481999999999997,12.334,15.969000000000001,33.368,180.0,0,11,65,21,0,0,0,0,0,1,0,0,0,0,0.25
484,20040229,2.3480000000000003,-20.459,80.19272916666667,0.0,97.764,54.191,19.746041666700002,0.15300518033080032,-4.6039,-0.806021,0.1,0.0110875,2,0.03,0.504,2.239,2.545,3.5210000000000004,10.734000000000002,15.251,31.72,180.0,0,11,65,21,0,0,0,0,0,1,0,0,0,0,0.258
485,20040301,2.391,-11.772,89.416625,1.054,97.279,29.11,5.958875,0.36579616744595134,-0.18266500000000002,-0.9875209999999999,0.1,0.01195,3,1.054,1.084,2.839,3.293,4.355,11.735,16.287,30.527,180.0,0,11,65,21,0,0,0,0,0,1,0,0,0,0,0.251
486,20040302,2.6519999999999997,-12.231,86.05064583333332,0.24600000000000002,98.363,33.817,-0.108916666667,0.3477369541890218,-9.26582,-0.8656459999999999,0.1,0.0128125,3,1.3,1.3,1.804,3.5389999999999997,4.535,11.15,16.533,28.531,180.0,0,11,65,21,0,0,0,0,0,1,0,0,0,0,0.25
487,20040303,2.659,-10.055,78.70345833333333,0.0,99.804,69.296,13.3267083333,0.2327746443020626,0.4260140000000001,-0.741521,0.1,0.013675,3,0.24600000000000002,1.3,1.33,3.085,3.845,9.122,15.571,28.177000000000003,180.0,0,11,65,21,0,0,0,0,0,1,0,0,0,0,0.25
488,20040304,0.866,-14.777999999999999,71.2376875,0.0,99.59299999999999,54.221000000000004,19.7731458333,0.20812149673415686,6.7751600000000005,-0.678938,0.1,0.0145375,3,0.0,0.24600000000000002,1.3,1.804,3.5389999999999997,8.782,13.634,23.820000000000004,180.0,0,11,65,21,0,0,0,0,0,1,0,0,0,0,0.25
489,20040305,1.127,-12.062000000000001,76.197625,0.0,98.641,63.424,30.3731666667,0.08308500082658815,14.6914,-0.687875,0.1,0.0154,3,0.0,0.0,1.3,1.33,3.5389999999999997,4.8210000000000015,12.034,19.100000000000005,180.0,0,11,65,21,0,0,0,0,0,1,0,0,0,0,0.25
490,20040306,1.155,-8.792,82.80414583333331,0.845,97.801,37.06800000000001,19.8636041667,0.07676970027384239,15.1756,-0.681521,0.1,0.015325,3,0.845,0.845,1.091,2.145,3.93,5.445999999999999,12.826,19.752,180.0,0,11,65,21,0,0,0,0,0,1,0,0,0,0,0.25
491,20040307,1.496,-5.827000000000001,84.77054166666666,0.057,98.163,55.352,17.428416666700002,0.17637277668707174,10.1773,-0.583958,0.1,0.01525,3,0.902,0.902,0.902,2.202,2.7059999999999995,5.436999999999999,12.052,18.805,180.0,0,11,65,21,0,0,0,0,0,1,0,0,0,0,0.244
492,20040308,1.4269999999999998,-10.259,78.46360416666666,0.0,99.42399999999999,73.71600000000002,24.4114166667,0.05016600966766482,13.2662,-0.417646,0.1,0.015175,3,0.057,0.902,0.902,1.148,2.232,4.746999999999999,10.024,18.627,180.0,0,11,65,21,0,0,0,0,0,1,0,0,0,0,0.244
493,20040309,2.002,-4.546,76.23014583333334,0.0,100.00200000000001,62.298,27.1689166667,0.23253533585631106,-7.65113,-0.473188,0.1,0.0151,3,0.0,0.057,0.902,0.902,2.202,4.440999999999999,9.684,18.171,180.0,0,11,65,21,0,0,0,0,0,1,0,0,0,0,0.244
494,20040310,1.6380000000000001,-0.266,77.3223125,0.0,100.22399999999999,73.892,33.0240625,0.1098900236525156,1.11199,-0.461,0.1,0.015025,3,0.0,0.0,0.902,0.902,2.202,4.440999999999999,5.722999999999999,17.453,180.0,0,11,65,21,0,0,0,0,0,1,0,0,0,0,0.244
495,20040311,1.298,-1.072,83.82170833333333,0.0,100.387,87.236,40.1561875,0.21642874419014427,16.1189,-0.2665,0.1,0.01495,3,0.0,0.0,0.057,0.902,1.148,3.986999999999999,5.502999999999999,17.435,180.0,0,11,65,21,0,0,0,0,0,1,0,0,0,0,0.244
496,20040312,0.961,-5.324,93.495125,0.079,100.275,31.72300000000001,11.1252916667,0.08692652939331946,14.8135,-0.147146,0.1,0.014875,3,0.079,0.079,0.079,0.981,0.981,2.785,5.515999999999997,17.514,180.0,0,11,65,21,0,0,0,0,0,1,0,0,0,0,0.244
497,20040313,1.893,-5.33,89.31868750000002,0.182,100.068,70.439,29.748270833299998,0.13623385930634255,25.8922,-0.105771,0.1,0.0148,3,0.261,0.261,0.261,0.318,1.163,2.4930000000000003,5.007999999999999,16.733999999999998,180.0,0,11,65,21,0,0,0,0,0,1,0,0,0,0,0.244
498,20040314,2.1630000000000003,-5.937,84.59558333333334,0.077,99.176,55.408,20.814541666700002,0.19172528199674446,-11.2512,-0.02675,0.1,0.0142625,3,0.259,0.338,0.33799999999999997,0.338,1.24,2.54,4.778999999999999,14.874,180.0,0,11,65,21,0,0,0,0,0,1,0,0,0,0,0.244
499,20040315,2.818,-0.084,95.43952083333332,2.458,97.831,13.567,6.7834375,0.2840820051817634,-8.38273,-0.112479,0.1,0.013725,3,2.535,2.717,2.7960000000000003,2.7960000000000003,3.698,4.998,7.237,15.732000000000005,180.0,0,11,65,21,0,0,0,0,0,1,0,0,0,0,0.244
500,20040316,2.009,-0.017,98.29375,6.825,97.29700000000001,30.021,12.6671458333,0.4798889701093578,-2.57741,0.144333,0.1,0.0131875,3,9.283,9.36,9.621000000000002,9.621000000000002,9.678000000000004,10.769000000000005,13.608000000000004,22.504000000000005,180.0,0,11,65,21,0,0,0,0,0,1,0,0,0,0,0.244
501,20040317,1.952,-2.835,87.6680625,0.013000000000000001,98.26799999999999,61.84,40.2073958333,0.609803536212147,10.3967,0.472896,0.1,0.01265,3,6.837999999999999,9.296,9.555,9.634,9.634,10.536,12.340000000000002,21.686000000000003,180.0,0,11,65,21,0,0,0,0,0,1,0,0,0,0,0.244
502,20040318,2.4659999999999997,-1.45,82.99795833333333,0.16399999999999998,97.786,70.782,38.042520833299996,0.31179474134854235,26.9012,0.41981199999999996,0.1,0.0121125,3,0.177,7.002000000000002,9.537,9.798000000000002,9.798000000000002,10.700000000000003,12.030000000000005,19.822000000000006,180.0,0,11,65,21,0,0,0,0,0,1,0,0,0,0,0.244
503,20040319,2.165,-0.821,84.18820833333331,0.214,97.926,51.983999999999995,25.6827291667,0.33552381912738266,14.7128,0.43875,0.1,0.011575,3,0.37799999999999995,0.391,9.674,9.933,10.012,10.914000000000001,12.214000000000002,19.696000000000005,180.0,0,11,65,21,0,0,0,0,0,1,0,0,0,0,0.244
504,20040320,3.185,0.698,78.71497916666667,0.35100000000000003,97.52600000000001,51.294,26.031875,0.5201092783899477,10.8613,0.485313,0.1,0.0110375,3,0.5650000000000001,0.7290000000000001,7.567,10.102,10.363,11.265000000000002,12.565000000000005,16.086000000000002,180.0,0,11,65,21,0,0,0,0,0,1,0,0,0,0,0.244
505,20040321,3.592,-2.323,75.269625,0.376,97.177,47.549,16.7254375,0.4206262072838148,27.8248,0.558521,0.1,0.0105,3,0.7270000000000001,0.941,1.118,10.401,10.739,10.796,11.887000000000002,16.242,180.0,0,11,65,21,0,0,0,0,0,1,0,0,0,0,0.244
506,20040322,2.662,-7.091,74.08387499999998,0.387,97.74799999999999,63.33600000000001,29.3157916667,0.3458944527886413,26.5558,0.556437,0.1125,0.0106625,3,0.763,1.114,1.492,8.33,11.047,11.126,12.028000000000002,16.563000000000002,180.0,0,11,65,21,0,0,0,0,0,1,0,0,0,0,0.236
507,20040323,2.222,-6.54,76.74318749999998,0.579,98.755,81.223,38.3815833333,0.2879941838993587,36.8037,0.382125,0.125,0.010825,3,0.966,1.342,1.9069999999999998,2.084,11.444,11.705000000000002,12.607000000000005,16.452000000000005,180.0,0,11,65,21,0,0,0,0,0,1,0,0,0,0,0.236
508,20040324,1.757,-7.654,80.62302083333333,0.469,99.525,81.23899999999998,35.8437291667,0.2866790272715499,27.1232,0.2705,0.1375,0.0109875,3,1.048,1.435,2.162,2.54,11.835999999999999,12.174000000000001,13.076000000000002,16.615000000000002,180.0,0,11,65,21,0,0,0,0,0,1,0,0,0,0,0.236
509,20040325,2.138,-8.72,68.16729166666667,0.22699999999999998,99.686,115.861,57.40875,0.19925290867526144,52.0192,0.166354,0.15000000000000002,0.01115,3,0.696,1.275,2.0380000000000003,2.603,9.605,12.401000000000002,13.303000000000004,16.842000000000002,180.0,0,11,65,21,0,0,0,0,0,1,0,0,0,0,0.236
510,20040326,2.338,-9.299,63.5003125,0.0,98.565,118.31,62.7005416667,0.2156010116308171,49.2441,0.04725,0.1625,0.0113125,3,0.22699999999999998,0.696,1.662,2.389,2.78,12.401000000000002,12.458000000000002,16.387999999999998,180.0,0,11,65,21,0,0,0,0,0,1,0,0,0,0,0.236
511,20040327,3.17,-7.0,88.6620625,1.3940000000000001,96.945,73.348,42.0343333333,0.4687920718114592,25.6871,-0.105396,0.17500000000000002,0.011475,3,1.3940000000000001,1.621,2.669,3.4319999999999995,4.1610000000000005,13.716,13.795,16.500999999999998,180.0,0,11,65,21,0,0,0,0,0,1,0,0,0,0,0.236
512,20040328,1.92,-2.8930000000000002,87.96479166666668,2.9589999999999996,96.541,82.98100000000002,41.6139166667,0.3772866751470621,25.2194,-0.103708,0.1875,0.0116375,3,4.353,4.353,5.0489999999999995,6.0150000000000015,6.956000000000001,16.493000000000006,16.754000000000005,18.986,180.0,0,11,65,21,0,0,0,0,0,1,0,0,0,0,0.236
513,20040329,0.792,-6.632999999999999,86.35414583333332,0.071,97.456,74.962,35.295,0.2690855673493198,34.6397,0.030654900000000002,0.2,0.0118,3,3.03,4.4239999999999995,4.651000000000002,5.699,6.8130000000000015,16.487000000000002,16.825000000000006,19.027,180.0,0,11,65,21,0,0,0,0,0,1,0,0,0,0,0.236
514,20040330,1.379,-3.241,88.22354166666666,0.26899999999999996,97.561,78.28,42.169041666700004,0.1664362395798506,37.2189,0.1195,0.2,0.0104,3,0.34,3.2989999999999995,4.6930000000000005,5.3889999999999985,6.731000000000001,14.298000000000002,17.094,19.296,180.0,0,11,65,21,0,0,0,0,0,1,0,0,0,0,0.236
515,20040331,3.488,-5.862,68.85197916666668,0.126,99.24700000000001,144.64700000000005,69.4731458333,0.30412789177887584,64.5323,0.19925,0.2,0.009000000000000001,3,0.395,0.466,4.819,5.046,6.481,7.599,17.22,18.367999999999995,180.0,0,11,65,21,0,0,0,0,0,1,0,0,0,0,0.236
516,20040401,1.649,-8.568,67.8239375,0.0,100.126,159.356,78.5789166667,0.16679756399119386,72.5131,0.208271,0.2,0.0076,4,0.126,0.395,3.4250000000000003,4.819,6.093999999999999,7.586,17.141,18.122,180.0,0,11,65,21,0,0,0,0,0,1,0,0,0,0,0.236
517,20040402,2.096,-5.617000000000001,70.9155,0.0,99.522,160.809,74.016125,0.1522321159699577,51.3951,0.0409375,0.2,0.006200000000000001,4,0.0,0.126,0.466,4.819,5.5150000000000015,7.4220000000000015,16.959,18.122,180.0,0,11,65,21,0,0,0,0,0,1,0,0,0,0,0.236
518,20040403,1.598,-3.3930000000000002,86.51083333333332,0.0,98.94200000000001,106.294,45.0807083333,0.2454267228386792,54.2235,-0.104104,0.2,0.0048,4,0.0,0.0,0.395,3.425,5.046,7.207999999999997,16.881999999999998,18.122,180.0,0,11,65,21,0,0,0,0,0,1,0,0,0,0,0.236
519,20040404,1.734,-5.077,85.73649999999998,0.0,98.616,117.066,25.6394166667,0.19150972685070647,47.6211,-0.06545830000000001,0.2,0.0034,4,0.0,0.0,0.126,0.466,4.819,6.857,14.424000000000001,18.122,180.0,0,11,65,21,0,0,0,0,0,1,0,0,0,0,0.236
520,20040405,1.3730000000000002,-1.305,61.41245833333333,0.0,98.185,167.774,78.74,0.2589508351637855,52.3331,-0.0169583,0.2,0.002,4,0.0,0.0,0.0,0.395,4.819,6.481,7.599,17.276999999999994,180.0,0,11,65,21,0,0,0,0,0,1,0,0,0,0,0.236
521,20040410,1.5230000000000001,0.006,72.92179166666666,0.18899999999999997,96.26,151.875,68.8628723404,0.9762875371235112,55.7603,2.45126,0.25,-0.00215,4,4.5680000000000005,4.5680000000000005,4.5680000000000005,4.5680000000000005,4.5680000000000005,9.387,11.049,21.788000000000004,180.0,0,11,65,21,0,0,0,0,0,1,0,0,0,0,0.266
522,20040411,1.966,-2.447,64.68527083333333,0.055,96.785,193.1,102.60916666700001,0.6354287443577037,82.0435,2.13671,0.2625,-0.0028375,4,0.244,4.622999999999998,4.622999999999998,4.622999999999998,4.622999999999998,8.047999999999998,10.717,21.76400000000001,180.0,0,11,65,21,0,0,0,0,0,1,0,0,0,0,0.258
523,20040412,1.767,-0.475,64.17652083333333,0.439,97.82600000000001,170.167,85.3275106383,0.506279926149255,72.0483,1.48167,0.275,-0.003525000000000001,4,0.494,0.6829999999999999,5.0619999999999985,5.061999999999999,5.0619999999999985,5.528,10.577,22.021000000000004,180.0,0,11,65,21,0,0,0,0,0,1,0,0,0,0,0.25
524,20040413,1.43,-1.7080000000000002,62.7908125,0.16699999999999998,98.40899999999999,194.908,102.6763125,0.7976458086689362,82.76899999999998,1.0854,0.28750000000000003,-0.0042125,4,0.606,0.6609999999999999,5.228999999999999,5.228999999999999,5.228999999999999,5.624,10.275,22.111000000000004,180.0,0,11,65,21,0,0,0,0,0,1,0,0,0,0,0.25
525,20040414,1.903,-0.08800000000000001,93.8903125,4.31,97.805,66.669,40.2611666667,1.03493382168086,8.784889999999999,0.9017290000000001,0.30000000000000004,-0.0049,4,4.4769999999999985,4.916,5.159999999999998,9.538999999999998,9.538999999999998,9.664999999999996,14.357999999999995,23.963,180.0,0,11,65,21,0,0,0,0,0,1,0,0,0,0,0.244
526,20040415,1.402,1.8119999999999998,85.26341666666666,0.215,98.37,116.655,62.9102083333,0.486199277450021,50.5524,1.2475399999999999,0.3125,-0.0053125,4,4.525,4.691999999999998,5.185999999999999,9.753999999999998,9.753999999999998,9.753999999999998,14.572999999999995,17.352999999999998,180.0,0,11,65,21,0,0,0,0,0,1,0,0,0,0,0.244
527,20040416,2.099,2.701,81.20152083333333,0.282,98.581,121.181,70.5415416667,0.3174844862663403,31.0949,1.0046899999999999,0.325,-0.005725,4,0.4970000000000001,4.8069999999999995,5.4129999999999985,5.656999999999999,10.035999999999998,10.035999999999998,13.460999999999995,17.621999999999996,180.0,0,11,65,21,0,0,0,0,0,1,0,0,0,0,0.259
528,20040417,2.338,4.466,76.20064583333333,0.04,97.779,156.52200000000005,78.6970208333,0.14785156924260914,31.726,0.334938,0.3375,-0.006137500000000001,4,0.32199999999999995,0.5369999999999999,5.0139999999999985,5.507999999999999,10.076,10.076,10.541999999999998,17.497999999999998,180.0,0,11,65,21,0,0,0,0,0,1,0,0,0,0,0.304
529,20040418,1.412,4.107,75.42439583333334,0.0,97.95700000000001,164.676,92.62475,0.2543763693138357,64.9132,0.0684375,0.35000000000000003,-0.00655,4,0.04,0.32199999999999995,4.847,5.452999999999999,10.076,10.076,10.470999999999998,17.284000000000002,180.0,0,11,65,21,0,0,0,0,0,1,0,0,0,0,0.311
530,20040419,2.4290000000000003,3.082,78.79322916666666,0.5820000000000001,98.40299999999999,106.65100000000001,59.9210416667,0.2841593393715782,43.2008,0.237729,0.3625,-0.0069625,4,0.5820000000000001,0.6220000000000001,1.1190000000000002,5.596,6.279,10.658,10.784,17.515,180.0,0,11,65,21,0,0,0,0,0,1,0,0,0,0,0.319
531,20040420,2.91,-3.08,81.30158333333334,1.3359999999999999,99.007,106.805,66.7763541667,0.8481522670844762,114.584,0.311979,0.375,-0.007375,4,1.918,1.918,2.24,6.764999999999999,7.425999999999997,11.993999999999998,11.994000000000002,18.475,180.0,0,11,65,21,0,0,0,0,0,1,0,0,0,0,0.311
532,20040421,2.043,-3.0,53.65906250000001,0.022000000000000002,99.555,231.544,125.9509375,0.9596871617120908,159.899,0.299583,0.3875,-0.0077875,4,1.358,1.94,1.98,2.477,7.392999999999999,12.015999999999998,12.015999999999998,18.11,180.0,0,11,65,21,0,0,0,0,0,1,0,0,0,0,0.29600000000000004
533,20040422,1.3019999999999998,-3.696,60.81222916666667,0.0,99.495,226.825,120.6661875,0.6059359248589917,160.111,0.31006300000000003,0.4,-0.0082,4,0.022000000000000002,1.358,1.94,2.262,6.953999999999999,12.015999999999998,12.015999999999998,17.531,180.0,0,11,65,21,0,0,0,0,0,1,0,0,0,0,0.28800000000000003
534,20040423,2.551,-2.637,63.69900000000001,0.129,99.50399999999999,214.61,110.12514583299999,0.945475532407946,138.078,0.312083,0.4125,-0.006500000000000001,4,0.129,0.151,2.069,2.109,6.916,12.145,12.145,17.191,180.0,0,11,65,21,0,0,0,0,0,1,0,0,0,0,0.281
535,20040424,1.5290000000000001,-2.354,56.01347916666668,0.0,99.963,241.903,128.60883333299998,0.8120516400564632,166.115,0.311875,0.425,-0.0048,4,0.129,0.129,1.4869999999999999,2.069,2.6060000000000003,7.765999999999999,12.145,16.964000000000002,180.0,0,11,65,21,0,0,0,0,0,1,0,0,0,0,0.281
536,20040425,1.317,0.172,57.46697916666667,0.0,99.86,176.907,104.07783333299999,0.7275755315558733,85.7141,0.307688,0.4375,-0.0031000000000000003,4,0.0,0.129,0.151,2.069,2.391,7.576999999999999,12.145,16.964000000000002,180.0,0,11,65,21,0,0,0,0,0,1,0,0,0,0,0.273
537,20040426,1.3430000000000002,4.948,56.0290625,0.158,99.667,186.487,111.951270833,0.5659446628940156,95.3377,0.314687,0.45,-0.0014,4,0.158,0.158,0.28700000000000003,1.645,2.2670000000000003,7.68,12.303,15.727999999999998,180.0,0,11,65,21,0,0,0,0,0,1,0,0,0,0,0.28800000000000003
538,20040427,1.69,5.016,59.38995833333333,0.0,99.633,247.912,135.332708333,0.6458595225340492,110.824,0.308229,0.4625,0.00030000000000000003,4,0.158,0.158,0.28700000000000003,0.30900000000000005,2.2270000000000003,7.241,12.303,12.768999999999998,180.0,0,11,65,21,0,0,0,0,0,1,0,0,0,0,0.311
539,20040428,1.911,5.422999999999999,53.47975,0.0,99.324,249.207,138.593270833,0.9956080248381248,93.904,0.307292,0.475,0.002,4,0.0,0.158,0.158,0.28700000000000003,2.2270000000000003,7.074,12.303,12.698,180.0,0,11,65,21,0,0,0,0,0,1,0,0,0,0,0.319
540,20040429,1.255,5.57,52.73987500000001,0.0,98.8,224.703,138.2341875,0.7335803201794627,89.24600000000002,0.304813,0.4875,0.0037,4,0.0,0.0,0.158,0.28700000000000003,1.645,2.764,7.923999999999999,12.428999999999998,180.0,0,11,65,21,0,0,0,0,0,1,0,0,0,0,0.325
541,20040430,1.8430000000000002,5.394,58.77677083333333,1.244,98.213,153.15,99.7448125,0.8265784628889242,55.5109,0.307167,0.5,0.0054,4,1.244,1.244,1.402,1.402,1.5530000000000002,3.793,8.979,13.547,180.0,0,11,65,21,0,0,0,0,0,1,0,0,0,0,0.326
542,20040501,1.4380000000000002,2.698,63.945625,0.345,98.06700000000001,211.683,130.308666667,0.7934776730181894,116.848,0.320104,0.525,0.0072125,5,1.589,1.589,1.589,1.7469999999999999,1.876,3.856,9.269,13.892,180.0,0,11,65,21,0,0,0,0,0,1,0,0,0,0,0.319
543,20040502,2.394,3.4139999999999997,65.31979166666666,0.6609999999999999,97.681,135.805,86.8737916667,0.7065538778421274,36.1542,0.317333,0.55,0.009025,5,1.0059999999999998,2.25,2.25,2.408,2.537,4.476999999999999,9.490999999999998,14.552999999999995,180.0,0,11,65,21,0,0,0,0,0,1,0,0,0,0,0.319
544,20040503,2.545,8.693,63.50535416666667,0.693,97.365,150.934,81.4801041667,0.7793152368112128,-17.7276,0.675866,0.5750000000000001,0.0108375,5,1.354,1.6989999999999998,2.943,2.943,3.1009999999999995,5.169999999999999,10.017000000000001,15.245999999999999,180.0,0,11,65,21,0,0,0,0,0,1,0,0,0,0,0.341
545,20040504,2.702,10.237,65.1358125,0.89,97.552,160.485,109.187604167,0.4826068713215493,6.24753,0.352958,0.6000000000000001,0.01265,5,1.5830000000000002,2.244,3.8329999999999993,3.8329999999999993,3.9909999999999988,5.478,6.597,16.136,180.0,0,11,65,21,0,0,0,0,0,1,0,0,0,0,0.34800000000000003
546,20040505,1.767,12.14,79.51535416666667,1.0390000000000001,98.171,157.124,106.778083333,0.5065942837654571,43.9217,0.348062,0.625,0.0144625,5,1.929,2.6220000000000003,3.628,4.872,5.03,5.181000000000001,7.421000000000001,17.175,180.0,0,11,65,21,0,0,0,0,0,1,0,0,0,0,0.34800000000000003
547,20040506,1.157,12.588,72.21522916666667,0.0,98.73299999999999,250.68400000000003,171.6424375,1.4819329826212035,100.04299999999999,0.343937,0.65,0.016275,5,1.0390000000000001,1.9290000000000005,3.283,4.872,4.872,5.159000000000002,7.139000000000001,17.175,180.0,0,11,65,21,0,0,0,0,0,1,0,0,0,0,0.341
548,20040507,1.297,12.806,71.620875,0.0,98.90700000000001,221.334,148.518770833,1.2356357345534232,73.1597,0.344458,0.675,0.0180875,5,0.0,1.0390000000000001,2.622,3.628,4.872,5.159000000000002,7.099000000000001,17.175,180.0,0,11,65,21,0,0,0,0,0,1,0,0,0,0,0.325
549,20040508,2.04,15.137,62.95116666666666,0.0,98.366,239.541,160.843583333,1.1928379080688878,56.2225,10.9193,0.7000000000000001,0.0199,5,0.0,0.0,1.929,3.2830000000000004,4.872,5.03,7.099000000000001,17.175,180.0,0,11,65,21,0,0,0,0,0,1,0,0,0,0,0.318
550,20040509,3.386,4.788,70.46454166666666,0.0,98.11200000000001,109.449,72.6440208333,0.9099270446941158,53.9452,13.0763,0.7125,0.0201875,5,0.0,0.0,1.0390000000000001,2.6220000000000003,4.872,5.03,6.517000000000001,12.796,180.0,0,11,65,21,0,0,0,0,0,1,0,0,0,0,0.304
551,20040510,2.326,-0.040999999999999995,68.44779166666667,0.348,98.13600000000001,157.847,97.88852083329999,1.14878504502287,85.5281,6.162669999999999,0.7250000000000001,0.020475,5,0.348,0.348,0.348,2.277,3.9760000000000004,5.377999999999999,5.529,12.955,180.0,0,11,65,21,0,0,0,0,0,1,0,0,0,0,0.28800000000000003
552,20040511,2.6039999999999996,-0.885,57.03564583333334,0.797,98.479,226.535,133.01664583299998,1.0259514072883131,111.571,2.71287,0.7375,0.0207625,5,1.145,1.145,1.145,2.184,4.428,6.017,6.303999999999999,13.697000000000001,180.0,0,11,65,21,0,0,0,0,0,1,0,0,0,0,0.281
553,20040512,2.2359999999999998,0.055999999999999994,58.67064583333333,0.662,98.79700000000001,244.671,159.3646875,1.1379345866713373,132.81799999999998,5.09785,0.75,0.021050000000000003,5,1.459,1.807,1.807,1.807,4.428999999999999,6.678999999999999,6.9659999999999975,13.92,180.0,0,11,65,21,0,0,0,0,0,1,0,0,0,0,0.273
554,20040513,2.0580000000000003,0.8240000000000001,70.92133333333334,1.251,98.506,187.238,117.246958333,1.1653853510977803,95.2589,5.92017,0.7625000000000001,0.0213375,5,1.913,2.71,3.0580000000000003,3.0580000000000003,4.986999999999999,7.929999999999998,8.087999999999997,15.003999999999998,180.0,0,11,65,21,0,0,0,0,0,1,0,0,0,0,0.266
555,20040514,1.464,1.535,79.19620833333333,2.678,98.02,172.984,108.370978723,0.9639713277967832,70.8351,5.61335,0.775,0.021625,5,3.929,4.591,5.7360000000000015,5.7360000000000015,6.775,10.608,10.765999999999998,13.372,180.0,0,11,65,21,0,0,0,0,0,1,0,0,0,0,0.258
556,20040515,2.2230000000000003,1.82,87.77179166666666,4.44,97.735,114.62799999999999,81.4321041667,1.3476284402055931,38.3097,4.19585,0.7875000000000001,0.0219125,5,7.117999999999999,8.369,9.828,10.176000000000002,10.176000000000002,13.804000000000002,15.206,17.597,180.0,0,11,65,21,0,0,0,0,0,1,0,0,0,0,0.258
557,20040516,4.095,0.282,92.4991875,0.894,98.109,103.434,49.3127083333,1.2789582315777972,2.77593,-1.84923,0.8,0.0222,5,5.3340000000000005,8.012,9.925,11.070000000000002,11.070000000000002,14.353000000000002,15.942000000000002,18.209,180.0,0,11,65,21,0,0,0,0,0,1,0,0,0,0,0.266
558,20040517,2.345,3.327,60.42497916666667,0.24,98.23200000000001,209.49900000000002,130.363291667,1.5660733410533891,77.12,-0.550438,0.8125,0.0254625,5,1.1340000000000001,5.574,9.502999999999998,10.962,11.31,13.932,16.182000000000002,18.409000000000002,180.0,0,11,65,21,0,0,0,0,0,1,0,0,0,0,0.259
559,20040518,2.2640000000000002,4.683,97.645125,9.131,96.635,66.063,50.0206458333,1.083295545240366,-4.221019999999998,10.2808,0.8250000000000001,0.028725,5,9.371,10.265,17.383000000000006,19.296000000000006,20.441000000000006,22.370000000000005,25.31300000000001,27.54000000000001,180.0,0,11,65,21,0,0,0,0,0,1,0,0,0,0,0.281
560,20040519,2.017,7.066,81.66935416666666,2.5,95.913,189.795,134.915354167,2.504011563732448,65.3279,14.645999999999999,0.8375,0.0319875,5,11.630999999999998,11.871,17.205000000000002,21.134000000000004,22.94100000000001,23.980000000000004,27.81300000000001,29.45800000000001,180.0,0,11,65,21,0,0,0,0,0,1,0,0,0,0,0.28800000000000003
561,20040520,1.699,7.244,77.56635416666667,2.049,96.295,217.335,149.96387234,2.277857413550364,101.279,10.4346,0.8500000000000001,0.035250000000000004,5,4.549,13.68,14.814,21.932,24.642000000000003,24.99,28.61800000000001,30.17100000000001,180.0,0,11,65,21,0,0,0,0,0,1,0,0,0,0,0.281
562,20040521,2.117,6.2120000000000015,97.11179166666666,9.181000000000001,96.789,76.02,54.7431875,1.1481225461191549,13.2321,8.4856,0.8625,0.038512500000000005,5,11.23,13.73,23.101,28.435,33.026,34.17099999999999,37.45399999999999,39.32999999999999,180.0,0,11,65,21,0,0,0,0,0,1,0,0,0,0,0.29600000000000004
563,20040522,3.565,4.854,93.60966666666668,3.742,97.555,57.131,43.6448958333,1.1643030556263458,1.69586,4.160419999999999,0.875,0.041775,5,12.922999999999998,14.972000000000001,26.603,27.737,36.10599999999999,37.91299999999999,40.534999999999975,43.07199999999999,180.0,0,11,65,21,0,0,0,0,0,1,0,0,0,0,0.29600000000000004
564,20040523,4.084,3.301,91.90829166666668,5.952000000000001,98.02799999999999,43.253,31.4303333333,0.9278050568991976,1.05376,1.49904,0.8875000000000001,0.0450375,5,9.693999999999999,18.875,23.424,32.795,40.807,43.86499999999999,45.79399999999999,48.89499999999999,180.0,0,11,65,21,0,0,0,0,0,1,0,0,0,0,0.29600000000000004
565,20040524,3.5189999999999997,3.3310000000000004,88.4659375,0.898,97.77,75.207,56.0338333333,0.9303936017508858,24.7612,4.4961699999999984,0.9,0.0483,5,6.8500000000000005,10.592,21.822,33.453,39.027,44.76299999999999,45.80199999999999,49.79299999999999,180.0,0,11,65,21,0,0,0,0,0,1,0,0,0,0,0.28800000000000003
566,20040525,2.459,3.654,90.99725,0.46,98.022,67.495,50.2601041667,1.0541580911946329,8.4651,4.99021,0.925,0.048925,5,1.358,7.31,20.233,24.782,35.047,44.87499999999999,45.22299999999999,50.25299999999999,180.0,0,11,65,21,0,0,0,0,0,1,0,0,0,0,0.281
567,20040526,2.0069999999999997,5.315,83.26462500000002,0.37799999999999995,98.71600000000001,108.434,73.8748958333,1.1962635494455074,36.4772,8.51881,0.95,0.04955,5,0.8380000000000001,1.736,11.43,22.66,34.531,44.45599999999999,45.60099999999999,50.47299999999999,180.0,0,11,65,21,0,0,0,0,0,1,0,0,0,0,0.281
568,20040527,2.208,6.357,70.23627083333334,0.0,98.258,225.52200000000002,136.315833333,1.8609490342541943,85.3427,7.9028300000000025,0.975,0.050175,5,0.37799999999999995,0.838,7.6880000000000015,20.611,34.291,43.79399999999999,45.60099999999999,50.47299999999999,180.0,0,11,65,21,0,0,0,0,0,1,0,0,0,0,0.273
569,20040528,1.939,7.124,61.27466666666667,0.40700000000000003,98.17399999999999,308.85,194.104595745,2.1687021225572005,142.793,9.9856,1.0,0.050800000000000005,5,0.40700000000000003,0.7849999999999999,2.1430000000000002,11.837,25.566999999999997,42.95,46.00799999999999,50.87999999999999,180.0,0,11,65,21,0,0,0,0,0,1,0,0,0,0,0.266
570,20040529,2.717,5.6110000000000015,63.81466666666668,0.126,99.31200000000001,195.28799999999998,133.9901875,1.4693686749983743,84.5908,6.9621,1.025,0.051425000000000005,5,0.5329999999999999,0.5329999999999999,1.371,8.221,23.193,40.398,46.13399999999999,51.00599999999999,180.0,0,11,65,21,0,0,0,0,0,1,0,0,0,0,0.258
571,20040531,1.672,7.294,58.1749375,0.261,99.139,213.734,163.95872413799998,1.5386161757337402,101.719,10.2784,1.075,0.052675,5,0.261,0.387,0.794,1.632,12.224,35.325,45.24999999999999,49.67799999999999,180.0,0,11,65,21,0,0,0,0,0,1,0,0,0,0,0.244
572,20040601,2.262,6.43,59.23316666666667,0.7859999999999999,99.14399999999999,207.481,137.50227083299998,1.4190887823452152,92.8305,7.823539999999999,1.1,0.0533,6,1.047,1.047,1.58,1.958,9.267999999999999,35.871,45.374,49.80299999999999,180.0,0,11,65,21,0,0,0,0,0,1,0,0,0,0,0.239
573,20040602,1.4780000000000002,6.357,58.24510416666666,0.6990000000000001,99.428,178.627,107.75222916700001,1.2936145090474458,64.6656,4.57148,1.1125,0.056875,6,1.485,1.746,1.872,2.279,4.015,27.439,44.822,49.80899999999999,180.0,0,11,65,21,0,0,0,0,0,1,0,0,0,0,0.247
574,20040603,2.889,10.55,50.28722916666667,0.085,98.824,237.702,153.162979167,1.8101925235045784,89.1784,10.8716,1.125,0.06045,6,0.784,1.5699999999999998,1.831,2.364,3.202,25.024,42.229,49.00399999999999,180.0,0,11,65,21,0,0,0,0,0,1,0,0,0,0,0.243
575,20040604,2.147,8.487,47.7456875,0.0,98.539,299.595,190.953979167,1.7549170620884356,133.547,8.050419999999999,1.1375,0.064025,6,0.085,0.784,1.831,1.9569999999999999,2.742,22.975,37.789,47.96499999999999,180.0,0,11,65,21,0,0,0,0,0,1,0,0,0,0,0.23
576,20040605,1.837,7.419,70.81508333333333,4.648,97.74,135.055,85.2063333333,1.498206967220338,42.4264,2.71896,1.15,0.06760000000000001,6,4.648,4.7330000000000005,6.217999999999999,6.478999999999999,7.0120000000000005,18.442,41.543,52.61299999999999,180.0,0,11,65,21,0,0,0,0,0,1,0,0,0,0,0.267
577,20040606,4.119,5.197,71.3931875,5.394,96.833,141.862,100.835833333,1.020320180571552,44.7214,2.41752,1.1625,0.071175,6,10.042,10.042,10.825999999999999,11.873,12.406,20.094,46.696999999999996,58.00699999999999,180.0,0,11,65,21,0,0,0,0,0,1,0,0,0,0,0.281
578,20040607,3.063,4.803,60.94895833333334,1.517,97.816,232.592,149.750916667,1.5241514815886346,93.6106,3.90875,1.175,0.07475,6,6.9110000000000005,11.559,11.644,13.129,13.515999999999998,15.659,39.083,59.523999999999994,180.0,0,11,65,21,0,0,0,0,0,1,0,0,0,0,0.259
579,20040608,2.883,5.5329999999999995,65.14816666666667,0.7390000000000001,98.15899999999999,200.36,120.257854167,1.5273276191233458,66.9418,1.9862099999999998,1.1875,0.078325,6,2.256,7.65,12.298,13.082,14.129000000000001,15.5,37.321999999999996,60.26299999999999,180.0,0,11,65,21,0,0,0,0,0,1,0,0,0,0,0.249
580,20040609,2.178,7.395,54.78670833333334,1.01,98.436,228.726,145.684729167,1.879224145704496,84.4274,6.10396,1.2000000000000002,0.0819,6,1.749,3.266,13.308,13.393,15.139000000000001,16.049999999999994,36.283,60.92499999999999,180.0,0,11,65,21,0,0,0,0,0,1,0,0,0,0,0.251
581,20040610,2.396,9.456,59.297875,1.5519999999999998,98.17299999999999,219.511,143.828125,2.2129215541326532,91.2512,8.14302,1.2125,0.08711250000000001,6,2.562,3.301,10.212,14.86,16.43,17.224,28.654000000000003,61.68,180.0,0,11,65,21,0,0,0,0,0,1,0,0,0,0,0.244
582,20040611,1.682,11.58,63.987625,1.006,97.941,263.837,175.70483333299995,2.4305374108098845,101.76100000000001,10.229,1.225,0.092325,6,2.5580000000000003,3.568,5.824,15.866,16.650000000000002,18.230000000000004,25.91800000000001,62.024,180.0,0,11,65,21,0,0,0,0,0,1,0,0,0,0,0.266
583,20040612,1.475,13.025,63.44391666666667,1.4340000000000002,97.97200000000001,180.386,117.83064583299999,2.223396229624535,54.2136,9.2179,1.2375,0.0975375,6,2.4400000000000004,3.992,5.7410000000000005,12.652,17.384999999999998,19.257,21.4,62.207,180.0,0,11,65,21,0,0,0,0,0,1,0,0,0,0,0.249
584,20040613,2.623,11.36,57.8106875,0.821,98.012,314.116,198.195595745,2.7662967522884854,103.65700000000001,10.7271,1.25,0.10275,6,2.255,3.261,5.823,8.078999999999999,18.121,19.952,21.323000000000004,60.35,180.0,0,11,65,21,0,0,0,0,0,1,0,0,0,0,0.25
585,20040614,2.472,8.196,84.99452083333334,5.181,96.36200000000001,109.397,74.744,2.054843305957374,3.7139300000000004,1.77719,1.2625000000000002,0.1079625,6,6.0020000000000024,7.436,9.994,11.743,23.302,25.13300000000001,26.044000000000004,61.091,180.0,0,11,65,21,0,0,0,0,0,1,0,0,0,0,0.248
586,20040615,2.5660000000000003,8.402000000000001,81.06114583333333,1.29,95.735,149.983,103.4063125,2.5860003651645718,36.2371,3.90098,1.275,0.113175,6,6.471,7.292000000000002,9.732000000000001,12.294,19.944000000000006,26.16200000000001,26.956000000000003,61.48700000000001,180.0,0,11,65,21,0,0,0,0,0,1,0,0,0,0,0.266
587,20040616,3.275,5.617000000000001,75.07933333333334,0.536,96.141,163.11,115.5871875,1.9915703206656377,41.5355,1.53644,1.2875,0.1183875,6,1.8259999999999998,7.0070000000000014,9.262,11.82,15.085999999999999,25.91200000000001,27.492000000000004,61.78300000000001,180.0,0,11,65,21,0,0,0,0,0,1,0,0,0,0,0.258
588,20040617,2.532,7.034,74.94670833333333,0.972,96.417,162.196,113.52741666700001,1.849017421136178,37.3207,4.24485,1.3,0.1236,6,1.508,2.798,8.8,11.240000000000002,14.541000000000002,26.18500000000001,28.05700000000001,53.624,180.0,0,11,65,21,0,0,0,0,0,1,0,0,0,0,0.258
589,20040618,1.3630000000000002,9.867,67.4564375,0.635,96.788,193.11599999999999,135.033333333,2.227481305018716,60.3563,8.2565,1.3125,0.1244625,6,1.607,2.143,8.613999999999999,10.869000000000002,14.437000000000001,26.73500000000001,28.56600000000001,51.75900000000001,180.0,0,11,65,21,0,0,0,0,0,1,0,0,0,0,0.251
590,20040619,1.3130000000000002,11.429,70.208,1.4340000000000002,97.333,206.893,128.1374375,2.3971757327340484,67.1615,6.58437,1.3250000000000002,0.12532500000000002,6,2.069,3.0410000000000004,4.867,10.869000000000002,14.860999999999999,28.169,30.000000000000004,51.14400000000001,180.0,0,11,65,21,0,0,0,0,0,1,0,0,0,0,0.266
591,20040620,1.475,13.862,56.86027083333334,0.941,97.727,263.387,174.493125,2.510157363704133,91.87200000000001,10.9437,1.3375,0.1261875,6,2.375,3.01,4.518,10.989,14.25,24.462000000000003,30.68000000000001,42.904,180.0,0,11,65,21,0,0,0,0,0,1,0,0,0,0,0.258
592,20040621,2.27,13.405999999999999,61.40385416666667,4.072,97.956,241.782,151.35677083299998,3.0365362146600585,84.6292,7.65252,1.35,0.12705,6,5.013,6.447,8.054,9.88,17.316,23.14,33.966,43.23400000000001,180.0,0,11,65,21,0,0,0,0,0,1,0,0,0,0,0.276
593,20040622,1.6059999999999999,15.135,52.64597916666666,0.154,97.854,274.389,180.4075625,2.2808816929122715,103.463,10.9931,1.3625,0.1279125,6,4.226,5.167000000000002,7.2360000000000015,8.744,16.035999999999998,21.777000000000005,33.421,37.43600000000001,180.0,0,11,65,21,0,0,0,0,0,1,0,0,0,0,0.236
594,20040623,1.551,13.463,71.21810416666666,1.992,97.601,177.65400000000002,119.48402083299999,2.307370976411749,47.0069,6.37673,1.375,0.128775,6,2.146,6.218,8.593,10.2,17.207,23.030000000000005,35.328,38.53000000000001,180.0,0,11,65,21,0,0,0,0,0,1,0,0,0,0,0.22899999999999998
595,20040624,1.41,14.602,66.32879166666667,4.886,98.094,287.76,191.351604167,2.8013911581797712,108.38799999999999,9.30085,1.3875000000000002,0.12963750000000002,6,6.877999999999999,7.032,12.045,14.114,16.912,26.906,40.214,42.956,180.0,0,11,65,21,0,0,0,0,0,1,0,0,0,0,0.28700000000000003
596,20040625,1.8840000000000001,12.764000000000001,90.0153125,2.7910000000000004,98.24,76.125,42.559333333299996,1.215432050407448,-1.73355,1.7013099999999999,1.4,0.1305,6,7.677,9.669,13.895,16.27,18.413000000000004,28.14500000000001,38.357000000000006,45.36900000000002,180.0,0,11,65,21,0,0,0,0,0,1,0,0,0,0,0.203
597,20040626,1.367,16.713,68.87564583333334,0.853,98.49799999999999,239.588,179.88222916700005,3.1891187470553204,68.05199999999999,11.9842,1.4125,0.133375,6,3.6439999999999997,8.530000000000001,10.676000000000002,15.689000000000002,18.730000000000004,27.992000000000008,33.81600000000001,46.22200000000001,180.0,0,11,65,21,0,0,0,0,0,1,0,0,0,0,0.201
598,20040627,1.8459999999999999,17.802,65.97945833333334,4.103,98.406,291.158,198.72402127700002,3.470744316424294,96.0547,12.6935,1.425,0.13625,6,4.956,7.747000000000001,14.625,18.851,21.861,30.661000000000005,36.402,49.918,180.0,0,11,65,21,0,0,0,0,0,1,0,0,0,0,0.196
599,20040628,3.35,12.585,83.52497916666667,1.135,98.352,124.40700000000001,90.2728958333,1.3801377801976709,65.1119,2.9804,1.4375,0.139125,6,5.238,6.0909999999999975,13.767999999999999,15.914000000000001,22.361,30.975000000000005,36.798,50.92700000000001,180.0,0,11,65,21,0,0,0,0,0,1,0,0,0,0,0.207
600,20040629,2.717,8.786,96.63683333333334,0.8590000000000001,98.334,34.952,25.3203958333,0.9143526563115588,-7.424360000000001,-4.26738,1.4500000000000002,0.14200000000000002,6,1.994,6.097,9.741,16.619,21.786,26.653000000000002,36.647,51.786,180.0,0,11,65,21,0,0,0,0,0,1,0,0,0,0,0.206
601,20040630,2.8930000000000002,16.087,79.70174999999998,3.168,98.166,190.736,138.29677083299998,2.7350090051934868,46.3552,12.2043,1.4625,0.144875,6,4.027,5.162000000000001,10.118,17.795,24.013,28.53100000000001,38.26300000000001,54.69299999999999,180.0,0,11,65,21,0,0,0,0,0,1,0,0,0,0,0.188
602,20040701,2.99,21.214000000000002,66.30279166666666,2.988,97.89,248.412,181.9735,3.0782477504944823,83.6098,14.9082,1.475,0.14775000000000002,7,6.1560000000000015,7.0150000000000015,12.253,15.897,22.929,30.983000000000004,40.245,56.89499999999999,180.0,0,11,65,21,0,0,0,0,0,1,0,0,0,0,0.193
603,20040702,2.3369999999999997,17.491,75.6685,6.556,97.86399999999999,231.90599999999998,155.0535,4.408161956419182,52.7394,6.8441,1.4875,0.150625,7,9.544,12.712,14.706,19.662,29.331,36.567,45.367,62.75199999999999,180.0,0,11,65,21,0,0,0,0,0,1,0,0,0,0,0.18600000000000005
604,20040703,1.915,15.616,93.00145833333332,10.382,97.719,97.514,73.6465454545,2.144121278799467,2.8113900000000003,4.79296,1.5,0.1535,7,16.938,19.926,23.95300000000001,29.19100000000001,37.72100000000001,46.31400000000002,54.92800000000001,73.04899999999998,180.0,0,11,65,21,0,0,0,0,0,1,0,0,0,0,0.28300000000000003
605,20040709,1.841,12.51,80.83675000000002,0.843,98.46600000000001,134.645,90.4962083333,2.6655471065997784,22.5654,0.816271,1.5750000000000002,0.16385,7,4.353,7.282999999999999,12.307,25.26,37.972,47.71300000000001,59.75800000000002,74.61900000000001,180.0,0,11,65,21,0,0,0,0,0,1,0,0,0,0,0.267
606,20040720,2.885,18.619,64.28554166666667,0.157,98.56,204.62,173.42941379299995,2.8524486427325266,50.6,8.29842,1.6,0.194825,7,0.157,0.4270000000000001,1.0779999999999998,8.055,27.893,43.34199999999999,65.847,89.85999999999999,180.0,0,11,65,21,0,0,0,0,0,1,0,0,0,0,0.247
607,20040721,3.806,12.637,86.18608333333331,4.846,98.536,103.23700000000001,76.0948541667,2.0424509005243703,39.7674,-1.08581,1.6,0.19385,7,5.003,5.003,5.273,9.016,30.686999999999998,43.172,67.705,90.634,180.0,0,11,65,21,0,0,0,0,0,1,0,0,0,0,0.25
608,20040722,2.508,13.829,70.958625,0.381,99.573,219.145,141.012541667,2.5510711472244285,66.399,3.9091,1.6,0.192875,7,5.227,5.384,5.654,6.305,25.35,40.62300000000001,61.53,90.861,180.0,0,11,65,21,0,0,0,0,0,1,0,0,0,0,0.33399999999999996
609,20040723,1.5630000000000002,16.915,62.6964375,0.0,99.73299999999999,286.272,190.982125,2.6585569655363006,82.0444,7.17,1.6,0.1919,7,0.381,5.227,5.3839999999999995,5.654,13.282,37.113,51.148,88.86899999999999,180.0,0,11,65,21,0,0,0,0,0,1,0,0,0,0,0.228
610,20040724,1.7990000000000002,16.768,66.94383333333333,0.0,99.15899999999999,252.503,164.0080625,2.7230438879171395,74.863,4.79623,1.6,0.190925,7,0.0,0.381,5.3839999999999995,5.654,9.397,36.27,48.577,83.98299999999998,180.0,0,11,65,21,0,0,0,0,0,1,0,0,0,0,0.22899999999999998
611,20040725,2.298,18.46,63.9224375,0.58,98.40100000000001,200.905,122.395276596,3.1346151193579743,41.7086,5.96521,1.6,0.18995,7,0.58,0.58,5.807,5.964,6.885,33.7,49.149,81.77199999999998,180.0,0,11,65,21,0,0,0,0,0,1,0,0,0,0,0.221
612,20040726,2.852,19.42,64.20316666666666,0.496,98.41799999999999,230.16,153.663234043,2.79683286045422,82.5401,7.3505,1.6,0.188975,7,1.0759999999999998,1.0759999999999998,1.4569999999999999,6.46,6.73,32.144000000000005,44.62900000000001,81.415,180.0,0,11,65,21,0,0,0,0,0,1,0,0,0,0,0.265
613,20040727,2.9330000000000003,16.687,78.69395833333333,0.639,98.713,152.964,102.21847916700001,2.3564854456547963,30.2617,1.47402,1.6,0.188,7,1.135,1.715,1.715,6.942,7.369,27.065,42.338,77.95100000000002,180.0,0,11,65,21,0,0,0,0,0,1,0,0,0,0,0.16899999999999998
614,20040728,1.463,15.232999999999999,90.87079166666666,12.642999999999999,98.676,102.97200000000001,71.0983333333,2.383911355348876,2.36859,2.13083,1.5875,0.1838875,7,13.282,13.777999999999999,14.357999999999999,14.739,19.742,27.64,51.471,89.459,180.0,0,11,65,21,0,0,0,0,0,1,0,0,0,0,0.19399999999999998
615,20040729,2.17,14.367,86.51662499999998,0.35,99.311,102.281,70.3458125,1.7220400244820842,26.5555,0.589812,1.5750000000000002,0.17977500000000002,7,12.993,13.631999999999998,14.708,14.707999999999998,20.092,24.105,50.978,88.95,180.0,0,11,65,21,0,0,0,0,0,1,0,0,0,0,0.203
616,20040730,1.109,16.362000000000002,74.90147916666669,0.0,99.825,258.579,172.8430625,3.021508559044851,81.1272,4.946269999999998,1.5625,0.1756625,7,0.35,12.993,14.128,14.707999999999998,19.935,21.013,47.828,85.78200000000002,180.0,0,11,65,21,0,0,0,0,0,1,0,0,0,0,0.161
617,20040731,1.198,17.669,68.42870833333332,0.0,99.829,266.378,166.674583333,3.278671791587511,73.8713,4.9166,1.55,0.17155,7,0.0,0.35,13.632,14.707999999999998,15.089,20.362,45.776,82.794,180.0,0,11,65,21,0,0,0,0,0,1,0,0,0,0,0.18600000000000005
618,20040801,1.23,16.901,63.41477083333334,0.0,99.637,275.038,173.92547916700005,3.2122873269712584,78.3314,4.13513,1.5375,0.16743750000000002,8,0.0,0.0,12.993,14.127999999999998,14.708,20.362,40.058,76.238,180.0,0,11,65,21,0,0,0,0,0,1,0,0,0,0,0.182
619,20040802,1.411,16.828,61.76202083333334,0.0,99.586,266.476,172.578319149,3.040003696733787,69.5065,4.10717,1.525,0.163325,8,0.0,0.0,0.35,13.631999999999998,14.708,20.092,27.99,65.85600000000001,180.0,0,11,65,21,0,0,0,0,0,1,0,0,0,0,0.2
620,20040803,1.6,16.594,83.557375,7.92,99.434,97.5,68.7296875,2.024227347110864,0.193768,2.95517,1.5125000000000002,0.1592125,8,7.92,7.92,7.92,20.913,22.628,28.012,32.025,71.20499999999998,180.0,0,11,65,21,0,0,0,0,0,1,0,0,0,0,0.184
621,20040804,1.462,17.186,95.16252083333332,12.800999999999998,99.255,97.40799999999999,69.9410833333,1.9645118148473688,2.75387,5.36054,1.5,0.15510000000000002,8,20.721,20.721,20.721,21.070999999999998,34.849000000000004,40.65600000000001,41.73400000000001,83.99800000000003,180.0,0,11,65,21,0,0,0,0,0,1,0,0,0,0,0.183
622,20040805,0.8759999999999999,19.024,85.398625,1.186,99.228,134.891,86.3273404255,2.437069512260377,28.3594,6.33133,1.475,0.149475,8,13.986999999999998,21.906999999999996,21.907,21.906999999999996,35.539,36.996,42.269,80.16800000000002,180.0,0,11,65,21,0,0,0,0,0,1,0,0,0,0,0.213
623,20040806,1.933,19.248,79.1564375,0.0,98.931,199.951,135.228770833,3.062561404453448,36.547,5.54085,1.4500000000000002,0.14385,8,1.186,13.986999999999998,21.907,21.906999999999996,34.9,36.615,42.269,77.23800000000001,180.0,0,11,65,21,0,0,0,0,0,1,0,0,0,0,0.165
624,20040807,1.78,18.119,88.94741666666668,9.934,98.666,131.77100000000002,93.4467083333,2.538331319875209,20.3881,6.85585,1.425,0.138225,8,9.934,11.12,31.840999999999998,31.841,32.191,46.54900000000001,51.93300000000001,83.66200000000003,180.0,0,11,65,21,0,0,0,0,0,1,0,0,0,0,0.165
625,20040808,1.859,15.208,83.16562499999998,0.44299999999999995,99.19200000000001,143.017,92.719875,2.5367398126389413,38.7383,-0.38495799999999997,1.4,0.1326,8,10.377,10.377,24.364,32.284,32.284,46.992,52.37600000000001,83.26200000000003,180.0,0,11,65,21,0,0,0,0,0,1,0,0,0,0,0.159
626,20040809,1.036,14.264000000000001,75.536125,0.27399999999999997,99.415,177.81,126.33676595700001,2.5902788065783886,71.5121,2.11902,1.375,0.126975,8,0.7170000000000001,10.651,11.837,32.558,32.558,46.68600000000001,52.49300000000001,80.38600000000002,180.0,0,11,65,21,0,0,0,0,0,1,0,0,0,0,0.162
627,20040810,1.7269999999999999,14.163,85.54447916666669,2.555,98.885,132.725,95.7058125,2.188674352725048,46.6321,2.15102,1.35,0.12135,8,2.8289999999999997,3.272,13.206,27.193,35.113,48.74500000000001,50.20200000000001,80.88900000000002,180.0,0,11,65,21,0,0,0,0,0,1,0,0,0,0,0.159
628,20040811,3.023,11.700999999999999,89.58547916666667,6.625,98.366,108.446,76.4433333333,2.1060891914484228,17.5287,-3.48538,1.3250000000000002,0.115725,8,9.18,9.454,19.831,21.017,41.738,54.731,56.44600000000001,81.796,180.0,0,11,65,21,0,0,0,0,0,1,0,0,0,0,0.183
629,20040812,3.0980000000000003,9.922,82.73825,3.165,98.221,148.63299999999995,94.806,2.294109336892938,33.408,-2.96138,1.3,0.1101,8,9.79,12.345,13.062000000000001,22.995999999999995,44.903,45.25299999999999,59.611,72.89299999999999,180.0,0,11,65,21,0,0,0,0,0,1,0,0,0,0,0.281
630,20040813,2.843,7.53,82.616,0.439,97.959,141.119,78.7078085106,1.9599575030379863,29.0999,-5.70587,1.2875,0.10455,8,3.6039999999999996,10.229,13.058,23.434999999999995,37.422,45.342,60.05,69.44699999999999,180.0,0,11,65,21,0,0,0,0,0,1,0,0,0,0,0.266
631,20040814,1.675,6.29,77.276625,0.0,97.802,170.576,108.397191489,2.1070279108702867,47.4601,-7.792439999999999,1.275,0.099,8,0.439,3.604,12.784,13.500999999999998,24.621,45.342,59.47000000000001,66.35499999999999,180.0,0,11,65,21,0,0,0,0,0,1,0,0,0,0,0.266
632,20040815,1.3430000000000002,7.254,73.54597916666667,0.0,97.208,197.317,129.240166667,2.4471534291241737,59.4543,-3.54935,1.2625000000000002,0.09345,8,0.0,0.439,10.229,13.057999999999998,23.435,45.342,58.974,65.704,180.0,0,11,65,21,0,0,0,0,0,1,0,0,0,0,0.258
633,20040816,1.5490000000000002,8.25,89.86456249999998,2.6430000000000002,97.061,99.491,59.7670416667,1.8006308297192342,15.7342,-2.75579,1.25,0.0879,8,2.6430000000000002,2.6430000000000002,6.247000000000001,15.427,26.07800000000001,47.985,60.978,68.347,180.0,0,11,65,21,0,0,0,0,0,1,0,0,0,0,0.251
634,20040817,1.864,8.807,95.05210416666668,4.539,97.7,90.296,62.1582708333,2.023395159024925,4.24005,-0.19254200000000002,1.2375,0.08235,8,7.182,7.182,7.620999999999999,17.410999999999998,20.683000000000003,52.524,52.873999999999995,72.61599999999999,180.0,0,11,65,21,0,0,0,0,0,1,0,0,0,0,0.258
635,20040818,1.868,8.839,93.36389583333334,4.4030000000000005,97.863,61.522,41.6650416667,1.6802585837292603,5.270569999999998,-1.69315,1.225,0.07680000000000001,8,8.942,11.585,11.585,15.189,24.643,49.00700000000001,56.92700000000001,77.01899999999998,180.0,0,11,65,21,0,0,0,0,0,1,0,0,0,0,0.273
636,20040819,1.902,10.864,80.47337499999998,0.124,98.287,145.525,102.260708333,2.5525313925945916,34.5723,1.51106,1.2125,0.07125000000000001,8,4.527,9.066,11.709000000000001,12.148,24.493000000000002,36.33,57.051,76.98599999999998,180.0,0,11,65,21,0,0,0,0,0,1,0,0,0,0,0.281
637,20040820,3.641,7.6179999999999986,93.76666666666668,7.289,97.41,22.531999999999996,9.32072093023,1.331250719647194,-30.5779,-7.56963,1.2000000000000002,0.06570000000000001,8,7.4129999999999985,11.815999999999999,18.998,18.998,29.227,42.43299999999999,64.33999999999999,79.42899999999997,180.0,0,11,65,21,0,0,0,0,0,1,0,0,0,0,0.256
638,20040821,2.73,12.585999999999999,96.12014583333332,8.92,96.81,80.932,54.7008541667,1.925246848681961,-10.1116,5.76956,1.1875,0.0662625,8,16.209,16.333,25.275,27.91800000000001,31.522,51.353,73.25999999999998,87.96799999999998,180.0,0,11,65,21,0,0,0,0,0,1,0,0,0,0,0.28300000000000003
639,20040822,1.791,13.311,97.11458333333331,6.638999999999999,97.083,46.008,28.3646666667,1.2879358246462491,-14.9358,4.82835,1.175,0.06682500000000001,8,15.558999999999996,22.84800000000001,27.375,34.556999999999995,34.996,48.058,79.899,94.60700000000001,180.0,0,11,65,21,0,0,0,0,0,1,0,0,0,0,0.29600000000000004
640,20040823,1.8519999999999999,11.159,95.52920833333332,9.866,97.464,75.742,53.2758125,1.6693476453550418,0.961152,1.0285,1.1625,0.0673875,8,16.505,25.425,32.838,41.78,44.423,57.481,81.84500000000001,104.473,180.0,0,11,65,21,0,0,0,0,0,1,0,0,0,0,0.32299999999999995
641,20040824,4.518,6.699,88.51320833333334,5.065,97.833,74.672,51.0634166667,1.5315621945137132,-1.38585,-7.36583,1.15,0.06795,8,14.931,21.57,37.779,42.306000000000004,49.48800000000001,62.27200000000001,74.10900000000002,108.958,180.0,0,11,65,21,0,0,0,0,0,1,0,0,0,0,0.26899999999999996
642,20040825,4.101,7.029,93.18889583333332,4.5680000000000005,98.19200000000001,68.351,45.3632291667,1.4946085279692547,1.37068,-4.2224,1.1375,0.0685125,8,9.633,19.499000000000002,35.058,42.471000000000004,54.056,64.285,77.491,113.03,180.0,0,11,65,21,0,0,0,0,0,1,0,0,0,0,0.311
643,20040826,1.216,7.68,86.33708333333334,0.479,98.719,86.0,57.1150416667,1.9752602628803368,15.8827,-0.659104,1.125,0.069075,8,5.0470000000000015,10.112000000000002,26.616999999999997,42.826,51.891999999999996,58.139,77.97000000000001,112.87,180.0,0,11,65,21,0,0,0,0,0,1,0,0,0,0,0.273
644,20040827,1.6740000000000002,7.824,82.69889583333334,0.054000000000000006,98.61399999999999,135.605,81.309625,2.1152645345731385,33.8129,-4.30385,1.1125,0.0696375,8,0.5329999999999999,5.101000000000001,20.032,35.591,47.407,55.02800000000001,68.09000000000002,100.281,180.0,0,11,65,21,0,0,0,0,0,1,0,0,0,0,0.24
645,20040828,1.9369999999999998,10.055,88.56179166666668,0.0,97.742,39.894,23.4155833333,0.9105747661514226,-3.18697,0.191833,1.1,0.0702,8,0.054000000000000006,0.5329999999999999,10.166,26.671,43.00400000000001,54.58900000000001,67.64700000000002,99.931,180.0,0,11,65,21,0,0,0,0,0,1,0,0,0,0,0.196
646,20040829,2.144,12.363,89.99931250000002,4.806,97.294,108.304,72.4469583333,2.0129835204698634,9.14462,5.73894,1.0875,0.0679,8,4.806,4.86,9.907,24.838,47.68600000000001,59.395,72.179,104.737,180.0,0,11,65,21,0,0,0,0,0,1,0,0,0,0,0.18
647,20040830,1.9680000000000002,13.499,79.78604166666666,0.997,98.06299999999999,149.6,97.4939375,2.068563158302076,26.2556,4.37673,1.075,0.0656,8,5.803,5.803,6.336,15.969000000000001,41.394,60.39200000000001,70.62100000000002,105.734,180.0,0,11,65,21,0,0,0,0,0,1,0,0,0,0,0.18100000000000002
648,20040831,1.403,11.825999999999999,80.52233333333334,0.0,98.76799999999999,176.558,108.797085106,2.410779168980844,45.5853,-0.310375,1.0625,0.06330000000000001,8,0.997,5.803,5.857,10.904000000000002,32.474000000000004,57.74900000000001,63.996,105.734,180.0,0,11,65,21,0,0,0,0,0,1,0,0,0,0,0.196
649,20040901,1.466,12.588,93.52704166666666,0.0,98.98299999999999,47.74800000000001,35.63625,0.8152077719912671,9.27331,4.25223,1.05,0.06100000000000001,9,0.0,0.997,5.803,6.336,25.835,53.21000000000001,60.831,105.734,180.0,0,11,65,21,0,0,0,0,0,1,0,0,0,0,0.18899999999999997
650,20040902,1.8619999999999999,13.529000000000002,98.3694375,7.0329999999999995,99.059,23.583000000000002,17.721833333299998,0.722337355980428,-9.76268,4.49581,1.0375,0.0587,9,7.0329999999999995,7.0329999999999995,12.836000000000002,12.89,23.002,55.84,67.425,104.847,180.0,0,11,65,21,0,0,0,0,0,1,0,0,0,0,0.168
651,20040903,2.022,11.850999999999999,93.67708333333331,2.388,99.646,23.985,16.923895833299998,0.7924193031815806,-3.1853,0.659875,1.025,0.05640000000000001,9,9.421,9.421,10.418,15.224,20.325,58.104,69.813,94.434,180.0,0,11,65,21,0,0,0,0,0,1,0,0,0,0,0.196
652,20040904,2.9930000000000003,12.288,90.10837499999998,3.188,99.514,35.216,24.72125,0.9559789740117584,0.166827,1.64477,1.0125,0.0541,9,5.5760000000000005,12.609000000000002,12.609000000000002,18.412,18.945,54.003,73.001,96.436,180.0,0,11,65,21,0,0,0,0,0,1,0,0,0,0,0.18
653,20040905,3.282,13.617,78.40589583333333,2.8480000000000003,98.50200000000001,86.089,44.4895625,1.9971911082523768,-2.89039,1.97587,1.0,0.051800000000000006,9,6.0360000000000005,8.424,15.457,16.454,21.314,47.931,73.206,99.284,180.0,0,11,65,21,0,0,0,0,0,1,0,0,0,0,0.18899999999999997
654,20040906,3.987,10.355,66.87410416666667,0.77,97.84700000000001,112.13,57.1973541667,1.81839175540258,5.60193,-5.7731900000000005,0.9875,0.049075,9,3.618,6.806000000000001,16.227,16.227,22.03,42.062,69.437,90.12,180.0,0,11,65,21,0,0,0,0,0,1,0,0,0,0,0.19699999999999998
655,20040907,3.011,7.004,74.4553125,1.235,98.005,129.637,70.3022291667,1.7767592317327854,29.9956,-5.90485,0.975,0.04635,9,2.005,4.853,10.429,17.462,23.265,33.431,66.26899999999999,90.912,180.0,0,11,65,21,0,0,0,0,0,1,0,0,0,0,0.195
656,20040908,2.917,3.3539999999999996,76.25954166666666,0.28800000000000003,98.93799999999999,79.17699999999998,31.9104375,1.0597408715974042,7.71568,-9.3691,0.9625,0.043625,9,1.523,2.293,8.329,17.75,18.747,28.654,66.43299999999999,90.92600000000002,180.0,0,11,65,21,0,0,0,0,0,1,0,0,0,0,0.20199999999999999
657,20040909,2.299,4.919,83.03970833333334,3.56,98.478,77.736,43.18968085109999,1.1337816562246867,15.2461,-3.6545199999999998,0.95,0.0409,9,3.8480000000000003,5.083,8.701,14.277000000000001,21.31,27.646,62.70399999999999,91.931,180.0,0,11,65,21,0,0,0,0,0,1,0,0,0,0,0.18
658,20040910,3.638,10.472000000000001,77.05966666666666,5.148,96.86,86.975,45.034083333299996,1.5627794482098074,-9.43834,1.21908,0.9375,0.038175,9,8.708,8.996,11.001,17.037,26.458000000000002,32.315,58.93199999999999,90.454,180.0,0,11,65,21,0,0,0,0,0,1,0,0,0,0,0.2
659,20040925,1.954,8.682,93.0875,0.9990000000000001,97.023,45.313,26.8900416667,0.3671599068309287,-1.1259299999999999,8.860669999999997,0.75,0.0226,9,7.961999999999999,16.674,28.255,35.831,36.06500000000001,52.338,63.33899999999999,84.65299999999998,180.0,0,11,65,21,0,0,0,0,0,1,0,0,0,0,0.222
660,20040926,1.167,8.155,94.04933333333334,0.741,97.56299999999999,37.313,19.616,0.30254787547240464,2.38308,8.54631,0.7375,0.022500000000000003,9,1.74,8.703,26.929000000000002,31.096,36.571999999999996,52.983999999999995,63.30999999999999,85.33999999999997,180.0,0,11,65,21,0,0,0,0,0,1,0,0,0,0,0.17600000000000002
661,20040927,1.584,7.093,97.48402083333332,2.31,97.071,32.653,13.135333333299998,0.3464702540090787,-3.38392,7.22129,0.7250000000000001,0.0224,9,3.051,4.050000000000002,19.725,31.306,38.882,44.85399999999999,64.38499999999999,87.64999999999998,180.0,0,11,65,21,0,0,0,0,0,1,0,0,0,0,0.17400000000000002
662,20040929,3.2889999999999997,5.9510000000000005,88.82289583333332,0.539,97.456,30.337,-0.23425,0.3473991650648734,-4.47058,6.2745,0.7000000000000001,0.0222,9,5.185,7.494999999999999,9.235,24.91,38.591,44.38399999999999,65.722,87.03200000000002,180.0,0,11,65,21,0,0,0,0,0,1,0,0,0,0,0.304
663,20040930,1.439,4.837,86.18243749999998,0.001,98.669,67.8,24.6506458333,0.4364203952483217,4.10182,5.79204,0.7000000000000001,0.021650000000000003,9,0.54,5.186,8.237,16.198999999999998,36.492,44.302,60.57499999999999,87.03299999999999,180.0,0,11,65,21,0,0,0,0,0,1,0,0,0,0,0.28800000000000003
664,20041002,1.558,1.761,96.5500625,0.095,99.337,34.58,15.407875,0.1599397374760552,-0.4592100000000001,-5.3232300000000015,0.7000000000000001,0.02055,10,0.095,0.096,5.2810000000000015,8.331999999999999,25.006,44.163,50.13499999999999,80.09499999999998,180.0,0,11,65,21,0,0,0,0,0,1,0,0,0,0,0.273
665,20041003,2.102,6.388999999999999,83.20143750000003,0.23,99.101,36.37,11.8521458333,0.34691946490126896,-3.21925,1.34465,0.7000000000000001,0.02,10,0.325,0.325,0.865,7.8210000000000015,16.524,44.393,49.257,77.93699999999998,180.0,0,11,65,21,0,0,0,0,0,1,0,0,0,0,0.273
666,20041004,2.4219999999999997,5.247000000000001,90.507625,0.324,98.787,22.095,4.129,0.2807070904582455,-3.51168,-1.4454200000000001,0.7000000000000001,0.01945,10,0.5539999999999999,0.649,0.65,5.835,9.885,39.241,45.034,75.07299999999998,180.0,0,11,65,21,0,0,0,0,0,1,0,0,0,0,0.245
667,20041005,3.5639999999999996,7.086,93.88402083333334,3.676,97.53,11.208,2.0973958333300002,0.26302283767673285,-2.43729,2.13669,0.7000000000000001,0.0189,10,4.0,4.23,4.325,4.865,12.562000000000001,40.817,48.626999999999995,75.90099999999998,180.0,0,11,65,21,0,0,0,0,0,1,0,0,0,0,0.266
668,20041006,2.5989999999999998,5.849,92.8395625,0.555,96.796,45.316,14.746666666700001,0.38435789564639067,-0.0814436,0.169354,0.7000000000000001,0.01835,10,4.231,4.555,4.88,4.881,12.376,39.305,48.948,75.68599999999998,180.0,0,11,65,21,0,0,0,0,0,1,0,0,0,0,0.273
669,20041007,2.249,2.937,87.38331249999996,1.02,97.311,30.903000000000002,1.3305625,0.3313406815073445,-3.94444,-5.1978300000000015,0.7000000000000001,0.0178,10,1.5750000000000002,5.251,5.8050000000000015,5.9,11.085999999999999,30.811,49.968,75.47099999999998,180.0,0,11,65,21,0,0,0,0,0,1,0,0,0,0,0.266
670,20041008,1.661,-2.21,84.54827083333333,0.0,97.772,62.162,9.67255555556,0.15872157121058816,0.642263,-12.2468,0.7000000000000001,0.017687500000000002,10,1.02,1.5750000000000002,5.575,5.9,6.44,22.099,49.968,75.18299999999998,180.0,0,11,65,21,0,0,0,0,0,1,0,0,0,0,0.266
671,20041009,2.487,-2.259,78.20729166666666,0.0,97.89200000000001,46.045,-4.29616666667,0.12562475616468116,-4.95359,-9.3249,0.7000000000000001,0.017575,10,0.0,1.02,5.251,5.8050000000000015,5.9010000000000025,15.136,44.492,71.62299999999998,180.0,0,11,65,21,0,0,0,0,0,1,0,0,0,0,0.266
672,20041010,3.404,-1.3880000000000001,70.41852083333333,0.0,98.897,61.056999999999995,-3.59910416667,0.14757090426246974,2.54238,-9.76827,0.7000000000000001,0.017462500000000002,10,0.0,0.0,1.5750000000000002,5.575,5.9,14.137,42.391999999999996,66.475,180.0,0,11,65,21,0,0,0,0,0,1,0,0,0,0,0.259
673,20041011,1.5090000000000001,-3.002,78.753875,0.0,99.414,35.491,-1.5234375,0.17569826580812975,-5.13415,-11.3053,0.7000000000000001,0.01735,10,0.0,0.0,1.02,5.251,5.9,13.396,40.325,66.38,180.0,0,11,65,21,0,0,0,0,0,1,0,0,0,0,0.258
674,20041012,1.774,1.639,82.34837499999998,0.048,98.88,53.163000000000004,4.74629166667,0.10766097661095077,-9.321530000000001,-6.1099,0.7000000000000001,0.0172375,10,0.048,0.048,0.048,1.6230000000000002,5.8530000000000015,11.134,30.859,55.98799999999999,180.0,0,11,65,21,0,0,0,0,0,1,0,0,0,0,0.258
675,20041013,1.975,2.658,88.27152083333334,0.0,98.807,51.409,-0.5506875,0.07314115110228914,-10.613,-5.0564599999999995,0.7000000000000001,0.017125,10,0.048,0.048,0.048,1.068,5.6229999999999976,6.488,22.147,54.88,180.0,0,11,65,21,0,0,0,0,0,1,0,0,0,0,0.251
676,20041014,1.4469999999999998,1.298,93.11114583333334,0.0,98.725,22.0,6.4681875,0.03855384706302644,0.0437448,-0.898667,0.7000000000000001,0.0170125,10,0.0,0.048,0.048,0.048,5.2989999999999995,5.9490000000000025,15.184,50.333,180.0,0,11,65,21,0,0,0,0,0,1,0,0,0,0,0.163
677,20041015,1.44,0.376,97.28547916666666,0.8,99.193,10.459000000000001,5.26508333333,0.02045575221196445,-0.569504,-1.9270599999999998,0.7000000000000001,0.016900000000000002,10,0.8,0.8,0.8480000000000001,0.8480000000000001,2.423,6.7479999999999976,14.985,51.05,180.0,0,11,65,21,0,0,0,0,0,1,0,0,0,0,0.25
678,20041016,2.019,0.884,94.2221875,0.79,98.32799999999999,12.876,0.0930416666667,0.005280250939255126,-0.09691330000000001,-2.72877,0.6875,0.01675,10,1.59,1.59,1.638,1.6380000000000001,2.6580000000000004,7.538000000000001,15.034,51.606,180.0,0,11,65,21,0,0,0,0,0,1,0,0,0,0,0.25
679,20041017,1.433,-2.905,90.83960416666667,0.006999999999999999,98.385,54.606,1.661125,0.008408308981563313,0.18631199999999998,-4.24546,0.675,0.0166,10,0.797,1.597,1.597,1.645,1.645,7.450000000000001,12.731000000000002,51.613,180.0,0,11,65,21,0,0,0,0,0,1,0,0,0,0,0.25
680,20041030,2.279,-6.58,93.68329166666666,0.154,98.67200000000001,27.259,-21.3840625,0.02157253541568264,0.0770068,-2.10763,0.5125000000000001,0.016575,10,0.155,0.593,3.016,4.2200000000000015,14.235999999999999,15.72,16.567999999999998,22.468000000000004,180.0,0,11,65,21,0,0,0,0,0,1,0,0,0,0,0.245
681,20041031,4.039,-2.003,95.67845833333332,3.179,96.98700000000001,2.717,-0.49327083333300004,0.07769575747708918,0.044089300000000005,-1.9467700000000001,0.5,0.0167,10,3.333,3.3339999999999996,6.037999999999999,6.3870000000000005,16.176000000000002,18.109,19.747000000000003,25.647,180.0,0,11,65,21,0,0,0,0,0,1,0,0,0,0,0.244
682,20041101,4.215,0.455,85.35977083333334,2.115,96.022,16.234,-0.5959166666669999,0.09203496236066463,-4.51865,-1.7960200000000002,0.5,0.0166625,11,5.2940000000000005,5.448,5.8870000000000005,8.31,11.722,20.217,21.814000000000004,27.667,180.0,0,11,65,21,0,0,0,0,0,1,0,0,0,0,0.244
683,20041102,4.052,0.5820000000000001,74.21614583333333,1.371,97.654,10.878,-11.7720208333,0.0968957648817328,-3.9807,-1.8357700000000001,0.5,0.016625,11,3.486,6.665,6.82,9.524,10.885000000000002,21.370000000000005,23.18500000000001,28.808000000000003,180.0,0,11,65,21,0,0,0,0,0,1,0,0,0,0,0.244
684,20041103,3.525,4.783,78.69952083333334,2.924,97.50200000000001,13.564,-12.5625625,0.045976971847818016,-8.31291,-1.56825,0.5,0.0165875,11,4.295,6.41,9.743,10.182,12.797,24.092,26.109000000000005,31.408,180.0,0,11,65,21,0,0,0,0,0,1,0,0,0,0,0.266
685,20041104,1.621,0.168,99.52912499999998,1.3719999999999999,97.604,2.354,-6.6428125,0.06925959375994059,-1.78662,-1.44031,0.5,0.016550000000000002,11,4.296,5.6670000000000025,10.960999999999999,11.116,13.977,25.19700000000001,26.681000000000004,29.10400000000001,180.0,0,11,65,21,0,0,0,0,0,1,0,0,0,0,0.273
686,20041105,1.9240000000000002,0.65,99.7666875,2.553,97.242,1.899,-3.01575,0.06677477861858479,-4.3554699999999995,-1.37963,0.5,0.0165125,11,3.925,6.849,10.335,13.668,16.373,26.511,28.44400000000001,31.102,180.0,0,11,65,21,0,0,0,0,0,1,0,0,0,0,0.267
687,20041106,1.5859999999999999,0.593,99.72291666666666,1.034,97.74600000000001,5.27,-0.7856875,0.09297581325508272,-2.57346,-1.44202,0.5,0.016475,11,3.587,4.959,9.254,14.548,15.140999999999998,20.976,29.471,31.116,180.0,0,11,65,21,0,0,0,0,0,1,0,0,0,0,0.273
688,20041107,2.803,-0.063,96.10275,0.7909999999999999,97.58200000000001,6.869,2.52841666667,0.13146219015215538,-3.45796,-1.33669,0.5,0.0164375,11,1.825,4.378,8.674,12.16,15.494000000000002,19.559,30.044000000000004,31.907000000000004,180.0,0,11,65,21,0,0,0,0,0,1,0,0,0,0,0.266
689,20041108,1.37,-0.293,92.5694375,0.078,97.699,4.65,-19.299354166700002,0.04417649096116467,1.30033,-1.29796,0.5,0.0164,11,0.8689999999999999,1.903,5.8279999999999985,10.123,15.571,18.625,29.92,31.985,180.0,0,11,65,21,0,0,0,0,0,1,0,0,0,0,0.266
690,20041109,1.7719999999999998,-1.327,96.35072916666668,0.069,98.00399999999999,4.91,2.85002083333,0.035682548296972615,-1.28093,-1.4288299999999998,0.45,0.015975,11,0.14700000000000002,0.938,4.525,8.821,15.485999999999999,18.502,29.721999999999998,32.054,180.0,0,11,65,21,0,0,0,0,0,1,0,0,0,0,0.259
691,20041110,2.8510000000000004,2.7089999999999996,97.22577083333331,0.442,98.178,3.345,5.0321875,0.03466388222518673,-1.21138,-1.31342,0.4,0.01555,11,0.511,0.589,2.414,6.3389999999999995,12.749,18.787,28.925,32.496,180.0,0,11,65,21,0,0,0,0,0,1,0,0,0,0,0.266
692,20041111,3.983,3.21,90.76385416666668,2.113,97.325,1.962,5.2250625,0.035822277255470575,-1.99173,-1.0093299999999998,0.35000000000000003,0.015125,11,2.555,2.624,3.4930000000000003,7.08,12.747,18.634,24.469,34.561,180.0,0,11,65,21,0,0,0,0,0,1,0,0,0,0,0.267
693,20041114,1.4680000000000002,-6.729,94.03885416666668,0.055999999999999994,96.859,9.165,-11.3063125,0.003901336376332429,1.01462,-17.9195,0.2,0.01385,11,0.107,3.122,5.6770000000000005,5.824,10.202,21.163,24.179000000000002,36.883,180.0,0,11,65,21,0,0,0,0,0,1,0,0,0,0,0.266
694,20041115,3.3789999999999996,-3.438,97.45968750000002,6.016,94.37200000000001,3.68,-3.1515,0.032505770971112444,-1.9144599999999998,-4.36883,0.15000000000000002,0.013425,11,6.072,6.1229999999999976,11.251,11.762,13.665,24.0,30.038,42.109,180.0,0,11,65,21,0,0,0,0,0,1,0,0,0,0,0.266
695,20041117,1.69,-18.433,85.004875,0.0,96.37899999999999,8.009,-8.52841666667,0.0021390408213912515,-0.127123,-7.42623,0.1,0.013175,11,0.002,6.018,6.125,11.253,11.842,20.516,27.336,41.886,180.0,0,11,65,21,0,0,0,0,0,1,0,0,0,0,0.259
696,20041118,0.7879999999999999,-20.938000000000002,82.97429166666667,0.129,95.99700000000001,3.32,-6.318729166669999,0.0012206837821744526,-0.102486,-9.270769999999999,0.1,0.01335,11,0.129,0.131,6.202999999999999,9.269,11.892999999999999,17.721,27.464000000000002,41.813,180.0,0,11,65,21,0,0,0,0,0,1,0,0,0,0,0.259
697,20041119,2.151,-13.126,89.74097916666666,0.747,95.999,3.0069999999999997,-1.3635,0.0006576188105273808,-0.6725939999999999,-6.7077100000000005,0.1,0.013525,11,0.8759999999999999,0.8759999999999999,6.894,7.001,12.571,17.096,28.057,42.29299999999999,180.0,0,11,65,21,0,0,0,0,0,1,0,0,0,0,0.259
698,20041120,1.786,-14.334000000000001,88.5625,0.574,97.336,2.864,-3.97858333333,0.0023519066618734536,-0.42572299999999996,-2.94908,0.1,0.0137,11,1.321,1.45,1.452,7.524,12.703,15.117,25.452,41.62799999999999,180.0,0,11,65,21,0,0,0,0,0,1,0,0,0,0,0.258
699,20041121,1.2309999999999999,-20.6,83.048625,0.161,97.79899999999999,2.125,-4.2934375,0.0014235165264581044,-0.276592,-3.784,0.1,0.013875,11,0.735,1.482,1.611,7.629,10.751,14.244000000000002,23.498,35.21999999999999,180.0,0,11,65,21,0,0,0,0,0,1,0,0,0,0,0.258
700,20041122,1.3319999999999999,-28.011,76.16741666666667,0.0,97.193,6.388,-9.009,0.0019026653148877168,-0.030425900000000002,-5.4710800000000015,0.1,0.01405,11,0.161,0.735,1.611,1.6130000000000002,7.7360000000000015,13.453,22.127,33.01199999999999,180.0,0,11,65,21,0,0,0,0,0,1,0,0,0,0,0.259
701,20041124,3.015,-15.573,87.30691666666668,0.785,98.375,1.546,-1.56579166667,0.003947502692460654,1.21217,-5.0725,0.1,0.0144,11,0.785,0.785,1.52,2.396,8.414,14.091,18.616,32.59299999999999,180.0,0,11,65,21,0,0,0,0,0,1,0,0,0,0,0.266
702,20041125,4.893,-5.547999999999999,95.6360625,5.586,96.59100000000001,2.124,0.113791666667,0.009867650492762716,1.44125,-1.61448,0.1,0.0146125,11,6.371,6.371,6.532,7.853,7.983999999999999,19.235,21.649,38.022,180.0,0,11,65,21,0,0,0,0,0,1,0,0,0,0,0.266
703,20041126,5.617999999999999,-5.521,84.55829166666666,0.669,97.816,1.685,-4.761875,0.01000690032433725,0.81125,-0.970917,0.1,0.014825,11,6.255000000000001,7.040000000000001,7.040000000000001,7.775,8.651,17.791,21.284000000000002,36.425,180.0,0,11,65,21,0,0,0,0,0,1,0,0,0,0,0.266
704,20041127,1.686,-15.937999999999999,86.11874999999998,0.0,98.228,3.931,-4.71552083333,0.0009501138923746004,0.0748104,-2.06402,0.1,0.0150375,11,0.669,6.255000000000001,7.040000000000001,7.2010000000000005,8.651,14.776,20.493000000000002,35.98699999999999,180.0,0,11,65,21,0,0,0,0,0,1,0,0,0,0,0.259
705,20041128,1.3869999999999998,-21.936,81.913875,0.0,98.027,1.5130000000000001,-4.24864583333,0.001091989950800402,0.7056560000000001,-3.3989,0.1,0.01525,11,0.0,0.669,7.040000000000001,7.040000000000001,8.522,14.725,20.415,35.98600000000001,180.0,0,11,65,21,0,0,0,0,0,1,0,0,0,0,0.258
706,20041129,1.402,-18.762999999999998,84.61658333333331,0.071,97.99600000000001,2.404,-2.82439583333,0.00031306731267562925,0.650475,-3.93281,0.1,0.0154625,11,0.071,0.071,6.3260000000000005,7.1110000000000015,7.846,14.74,20.417,35.903,180.0,0,11,65,21,0,0,0,0,0,1,0,0,0,0,0.258
707,20041130,3.298,-8.463,92.01943749999998,0.804,97.18299999999999,0.895,-0.340625,0.0004973921168483266,0.268791,-1.82654,0.1,0.015675,11,0.875,0.875,1.544,7.915000000000001,8.076,9.528,20.779,33.528,180.0,0,11,65,21,0,0,0,0,0,1,0,0,0,0,0.258
708,20041204,3.303,-6.096,93.36247916666666,1.252,96.988,0.825,-1.24204166667,0.0004884201679421011,0.348911,-1.60517,0.1,0.01575,12,1.518,1.518,3.407,3.478,9.732999999999999,11.253,18.147000000000002,28.349,180.0,0,11,65,21,0,0,0,0,0,1,0,0,0,0,0.258
709,20041205,1.632,-4.976,96.26177083333334,0.556,96.666,0.664,-0.432936170213,0.00013595361707177542,0.309173,-0.739042,0.1,0.015575,12,1.808,2.074,3.159,4.034,4.7029999999999985,11.235,12.687000000000001,26.351999999999997,180.0,0,11,65,21,0,0,0,0,0,1,0,0,0,0,0.258
710,20041206,1.489,-12.577,89.50212500000002,0.08199999999999999,97.17299999999999,0.8109999999999999,-4.79026666667,8.607085276674549e-05,0.234248,-1.16583,0.1,0.0154,12,0.638,1.89,2.156,4.045,4.1160000000000005,11.156,12.767000000000001,25.4,180.0,0,11,65,21,0,0,0,0,0,1,0,0,0,0,0.258
711,20041207,2.039,-6.234,95.24720833333332,3.569,96.182,0.613,-0.255379310345,0.00044637588153129815,0.35977800000000004,-1.6230000000000002,0.1,0.015225,12,3.6510000000000002,4.207,5.725,6.81,7.685,14.725,16.336000000000002,28.178,180.0,0,11,65,21,0,0,0,0,0,1,0,0,0,0,0.258
712,20041208,1.883,-6.068,95.41877083333333,0.47600000000000003,97.073,0.5870000000000001,-1.4880000000000002,0.0003038203992906151,0.193169,-0.6505,0.1,0.01505,12,4.045,4.127,5.935,6.2010000000000005,8.161,15.201,16.683,28.576,180.0,0,11,65,21,0,0,0,0,0,1,0,0,0,0,0.258
713,20041209,1.774,-11.356,90.48058333333334,0.095,98.384,0.8490000000000001,-1.76695833333,0.00032332448929043764,0.303492,-1.77325,0.1,0.014875,12,0.5710000000000001,4.14,4.7780000000000005,6.295999999999999,8.184999999999999,14.511,16.031,28.601999999999997,180.0,0,11,65,21,0,0,0,0,0,1,0,0,0,0,0.258
714,20041210,2.488,-3.975,97.19931250000002,2.72,97.87700000000001,0.522,-0.18052083333299998,7.859738945730803e-05,0.47016499999999994,-1.02006,0.1,0.0147,12,2.8150000000000004,3.2910000000000004,6.942,8.75,10.101,11.645,18.177000000000003,30.88000000000001,180.0,0,11,65,21,0,0,0,0,0,1,0,0,0,0,0.258
715,20041211,1.429,-8.927,93.12777083333332,0.017,97.303,0.255,-1.9633125,0.0006845874044519538,0.912791,-0.527979,0.1,0.014650000000000003,12,2.737,2.8320000000000003,6.877000000000002,7.5150000000000015,9.033,10.993000000000002,18.033000000000005,28.78400000000001,180.0,0,11,65,21,0,0,0,0,0,1,0,0,0,0,0.258
716,20041214,3.4010000000000002,-2.7030000000000003,98.2528125,1.087,97.584,0.516,0.039770833333300004,0.0006785472127659311,1.63968,-1.6751,0.1,0.0145,12,1.37,1.37,4.107,4.678,8.885000000000002,12.292000000000005,18.618,27.032000000000004,180.0,0,11,65,21,0,0,0,0,0,1,0,0,0,0,0.258
717,20041215,4.612,0.322,85.85829166666667,2.06,95.32600000000001,0.32799999999999996,-14.193020833299999,0.028589985504615206,0.984899,1.44494,0.1,0.01445,12,3.147,3.43,3.447,6.2620000000000005,10.389000000000001,13.548000000000002,15.092000000000002,23.07600000000001,180.0,0,11,65,21,0,0,0,0,0,1,0,0,0,0,0.267
718,20041225,3.865,-5.566,89.8105,1.5419999999999998,95.50399999999999,0.613,-1.36545833333,0.17178367097879074,1.13733,0.225458,0.1,0.0143,12,3.614,9.301,10.85,16.817999999999998,26.928000000000004,30.375000000000004,37.31700000000001,42.02,180.0,0,11,65,21,0,0,0,0,0,1,0,0,0,0,0.244
719,20041226,3.1239999999999997,-6.7810000000000015,93.66735416666666,1.9780000000000002,96.20299999999999,0.565,-1.1728333333299998,0.11776166393271492,0.194278,0.199125,0.1,0.0143,12,3.52,5.5920000000000005,12.76,16.994,28.151999999999997,32.33600000000001,39.21300000000001,43.32900000000001,180.0,0,11,65,21,0,0,0,0,0,1,0,0,0,0,0.244
720,20041227,1.6969999999999998,-18.114,84.0653125,0.467,96.76,0.39899999999999997,-7.6760625,0.09005553113534563,-6.18139,0.135875,0.1,0.014266666666666669,12,2.445,3.987,11.746,13.295,23.397,32.803000000000004,36.111,43.79600000000001,180.0,0,11,65,21,0,0,0,0,0,1,0,0,0,0,0.244
721,20041228,2.8339999999999996,-6.782,94.5104375,0.5660000000000001,97.20100000000001,0.518,0.7767083333329999,0.10395340860771572,-4.66427,-0.180729,0.1,0.014233333333333337,12,1.033,3.011,6.625,13.793,19.829,33.08600000000001,36.20100000000001,44.36200000000001,180.0,0,11,65,21,0,0,0,0,0,1,0,0,0,0,0.244
722,20041229,3.0460000000000003,-5.273,93.6895625,0.436,97.71600000000001,0.69,-0.934895833333,0.1524252560205037,1.40765,-0.159854,0.1,0.0142,12,1.002,1.469,4.989,12.748,18.463,32.435,36.54200000000001,44.72700000000001,180.0,0,11,65,21,0,0,0,0,0,1,0,0,0,0,0.244
723,20080101,1.536,-19.597,82.8125,0.092,101.527,0.594,-27.4226041667,0.00041764353282352015,0.0900849,-0.94125,0.0,0.0139,1,0.122,0.5309999999999999,4.298,8.278999999999998,11.213,14.408,20.045000000000005,38.40300000000001,180.0,0,11,65,21,0,0,0,0,0,1,0,0,0,0,0.266
724,20080103,2.147,-11.937000000000001,89.33333333333331,0.294,101.762,0.33299999999999996,-2.05147916667,1.2864840949123618e-05,0.104976,-1.23969,0.0,0.01415,1,0.405,0.4970000000000001,0.936,4.702999999999999,10.665,14.511,17.077,36.99,180.0,0,11,65,21,0,0,0,0,0,1,0,0,0,0,0.266
725,20080105,2.056,-17.703,82.85416666666667,0.003,100.605,0.9059999999999999,-2.46225,0.0008458135022638138,0.283907,-2.77104,0.0,0.0144,1,0.254,0.5479999999999999,0.7509999999999999,1.19,6.9819999999999975,12.134,16.623,30.389,180.0,0,11,65,21,0,0,0,0,0,1,0,0,0,0,0.258
726,20080106,1.714,-21.369,79.85416666666667,0.0,99.303,2.167,-37.7394583333,0.0009202662199267726,0.49773,-4.45925,0.0,0.014525,1,0.003,0.254,0.659,0.7809999999999999,4.957,11.872,15.067000000000002,27.82,180.0,0,11,65,21,0,0,0,0,0,1,0,0,0,0,0.258
727,20080123,1.541,-15.665999999999999,86.25,0.0,98.32700000000001,4.5,-38.3118125,0.02700100013069106,0.734309,0.22529200000000002,0.07500000000000001,0.013425,1,0.303,2.198,7.83,19.881,24.984,34.532000000000004,35.973,46.63799999999999,180.0,0,11,65,21,0,0,0,0,0,1,0,0,0,0,0.25
728,20080126,0.465,-16.213,85.85416666666667,0.309,95.352,3.708,-5.90610416667,0.016329828418278028,-3.1371700000000002,-0.286667,0.1,0.0129875,1,0.7969999999999999,4.079,4.382,8.546999999999999,23.96,32.599000000000004,39.798,44.75499999999998,180.0,0,11,65,21,0,0,0,0,0,1,0,0,0,0,0.244
729,20080228,1.581,-16.207,83.875,0.0,96.455,39.25,15.9607916667,0.0006285859688286284,0.174127,-1.00442,0.1,0.01345,2,0.0,0.0,1.1,10.6,11.8,12.7,13.7,19.026000000000003,180.0,0,11,65,21,0,0,0,0,0,1,0,0,0,0,0.236
730,20080301,1.7590000000000001,-18.378,80.25,1.3,96.22200000000001,35.914,12.50475,0.0011260999945171249,0.203211,-1.19182,0.1,0.0142,3,1.3,1.3,1.3,2.4000000000000004,13.1,14.000000000000002,14.500000000000002,19.759000000000004,180.0,0,11,65,21,0,0,0,0,0,1,0,0,0,0,0.236
731,20080302,2.967,-10.06,85.91666666666669,1.4,96.03,27.25,-0.9714791666670001,0.01889022697219344,4.91097,-1.42448,0.1,0.014575,3,2.7,2.7,2.7,3.8,13.3,14.5,15.9,19.687,180.0,0,11,65,21,0,0,0,0,0,1,0,0,0,0,0.236
732,20080303,1.723,-12.655999999999999,81.60416666666667,0.0,96.21799999999999,42.115,-15.049833333299999,0.011208459755204549,2.1183099999999997,-1.61765,0.1,0.01495,3,1.4,2.7,2.7,2.7,5.0,14.5,15.9,19.273,180.0,0,11,65,21,0,0,0,0,0,1,0,0,0,0,0.236
733,20080304,1.339,-14.913,81.02083333333333,0.0,96.59200000000001,38.458,-8.103375,0.010730413087446315,3.94066,-1.5160200000000001,0.1,0.015325,3,0.0,1.4,2.7,2.7,3.8,14.5,15.4,19.116,180.0,0,11,65,21,0,0,0,0,0,1,0,0,0,0,0.236
734,20080305,1.537,-17.453,78.66666666666667,0.0,96.81,87.0,5.8260000000000005,0.024659981969286173,6.33823,-1.39265,0.1,0.015700000000000002,3,0.0,0.0,2.7,2.7,3.8,14.5,15.4,19.0,180.0,0,11,65,21,0,0,0,0,0,1,0,0,0,0,0.236
735,20080306,1.49,-15.206,82.29166666666667,0.0,96.229,60.813,5.86222916667,0.013858916684623154,6.36339,-1.38575,0.1,0.0151125,3,0.0,0.0,1.4,2.7,2.7,14.5,15.4,19.0,180.0,0,11,65,21,0,0,0,0,0,1,0,0,0,0,0.236
736,20080307,1.952,-14.394,80.6875,0.0,96.984,86.604,2.6031875,0.004624920038120783,1.38078,-1.50085,0.1,0.014525,3,0.0,0.0,0.0,2.7,2.7,13.3,14.5,16.4,180.0,0,11,65,21,0,0,0,0,0,1,0,0,0,0,0.236
737,20080308,1.165,-11.222999999999999,86.125,0.0,97.73700000000001,41.573,6.6380416666699995,0.004478433417583232,1.16836,-1.60617,0.1,0.0139375,3,0.0,0.0,0.0,1.4,2.7,5.0,14.5,16.4,180.0,0,11,65,21,0,0,0,0,0,1,0,0,0,0,0.236
738,20080309,3.267,-10.913,86.5625,1.7,97.29799999999999,23.791999999999998,6.2451458333300005,0.003680441662450519,1.12973,-1.71138,0.1,0.01335,3,1.7,1.7,1.7,1.7,4.4,5.5,16.2,18.1,180.0,0,11,65,21,0,0,0,0,0,1,0,0,0,0,0.236
739,20080310,2.59,-0.519,97.97916666666669,3.8,96.51799999999999,21.979,-1.23241666667,0.026526194873807744,5.0963199999999995,-1.60971,0.1,0.0127625,3,5.5,5.5,5.5,5.5,8.200000000000001,9.3,20.0,21.9,180.0,0,11,65,21,0,0,0,0,0,1,0,0,0,0,0.236
740,20080311,2.193,0.08900000000000001,97.22916666666669,4.8,96.471,37.99,4.594625,0.05481989566423698,3.9097199999999996,-1.4574,0.1,0.012175,3,8.6,10.3,10.3,10.3,11.7,13.0,24.8,26.2,180.0,0,11,65,21,0,0,0,0,0,1,0,0,0,0,0.236
741,20080312,1.41,-0.7070000000000001,88.0,0.0,96.85,32.24,9.9956875,0.06006994695902997,4.999619999999998,-0.780542,0.1,0.0115875,3,4.8,8.6,10.3,10.3,10.3,13.0,23.6,26.2,180.0,0,11,65,21,0,0,0,0,0,1,0,0,0,0,0.244
742,20080313,1.7069999999999999,-0.21,83.97916666666667,0.0,97.052,29.291999999999998,0.81375,0.04030587030733922,5.77,-0.179,0.1,0.011000000000000001,3,0.0,4.8,10.3,10.3,10.3,13.0,15.3,26.2,180.0,0,11,65,21,0,0,0,0,0,1,0,0,0,0,0.244
743,20080316,0.759,-6.386,85.27083333333333,0.2,97.021,62.115,33.3325416667,0.05021889681444591,14.5745,-0.300521,0.1,0.0108125,3,0.2,0.2,0.2,8.8,10.5,11.9,13.2,25.9,180.0,0,11,65,21,0,0,0,0,0,1,0,0,0,0,0.236
744,20080317,1.155,-6.093999999999999,87.22916666666669,0.2,97.43799999999999,61.354,9.338083333330001,0.06930712497661211,11.4011,-0.72775,0.1,0.01075,3,0.4,0.4,0.4,5.2,10.7,10.7,13.4,25.2,180.0,0,11,65,21,0,0,0,0,0,1,0,0,0,0,0.236
745,20080318,1.013,-8.719,80.125,0.0,97.656,98.073,22.8337916667,0.06288297294423646,19.7994,-0.806812,0.1,0.0106875,3,0.2,0.4,0.4,0.4,10.7,10.7,13.4,25.2,180.0,0,11,65,21,0,0,0,0,0,1,0,0,0,0,0.236
746,20080319,0.9009999999999999,-12.138,80.58333333333333,0.0,97.649,108.271,19.0038125,0.041677404640030384,22.0487,-0.693292,0.1,0.010625,3,0.0,0.2,0.4,0.4,9.0,10.7,13.4,25.2,180.0,0,11,65,21,0,0,0,0,0,1,0,0,0,0,0.236
747,20080320,1.787,-12.755,79.14583333333333,0.0,97.25399999999999,110.88799999999999,32.535375,0.039298192474132826,27.485,-0.6579999999999999,0.1,0.0105625,3,0.0,0.0,0.4,0.4,5.2,10.7,13.4,25.2,180.0,0,11,65,21,0,0,0,0,0,1,0,0,0,0,0.236
748,20080321,2.146,-10.259,74.10416666666667,0.2,96.773,84.25,20.8821041667,0.08284812035435389,18.6216,-0.811417,0.1,0.0105,3,0.2,0.2,0.4,0.6000000000000001,0.6000000000000001,10.9,12.3,25.4,180.0,0,11,65,21,0,0,0,0,0,1,0,0,0,0,0.236
749,20080322,1.4909999999999999,-9.847000000000001,80.0,0.6,97.12899999999999,94.031,24.0785106383,0.06764458557006521,20.8041,-1.00063,0.1125,0.01035,3,0.8,0.8,0.8,1.2,1.2,11.5,11.5,24.8,180.0,0,11,65,21,0,0,0,0,0,1,0,0,0,0,0.236
750,20080323,2.324,-10.06,79.60416666666667,0.0,96.536,77.25,16.1721875,0.0854307737623216,19.6698,-1.05694,0.125,0.0102,3,0.6,0.8,0.8,1.0,1.2,11.5,11.5,16.5,180.0,0,11,65,21,0,0,0,0,0,1,0,0,0,0,0.236
751,20080324,2.6260000000000003,-9.972000000000001,76.79166666666667,0.8,95.541,99.917,21.6655208333,0.06139672793393261,20.3676,-0.979708,0.1375,0.01005,3,0.8,1.4,1.6,1.6,2.0,10.6,12.3,16.1,180.0,0,11,65,21,0,0,0,0,0,1,0,0,0,0,0.236
752,20080325,2.57,-8.381,56.33333333333334,0.0,96.48,146.44799999999995,21.9446458333,0.11493059243614348,20.3208,-0.9165,0.15000000000000002,0.0099,3,0.8,0.8,1.6,1.6,2.0,6.8,12.3,16.1,180.0,0,11,65,21,0,0,0,0,0,1,0,0,0,0,0.236
753,20080326,2.7910000000000004,-10.585999999999999,75.08333333333333,0.0,96.708,81.979,14.9967708333,0.1414203623934306,21.0254,-0.872708,0.1625,0.00975,3,0.0,0.8,1.4,1.6,1.7999999999999998,2.0,12.3,15.0,180.0,0,11,65,21,0,0,0,0,0,1,0,0,0,0,0.236
754,20080327,4.2989999999999995,-3.568,91.35416666666669,5.2,95.87100000000001,82.042,23.284354166700002,0.3980324854471446,19.4356,-0.9199370000000001,0.17500000000000002,0.0096,3,5.2,5.2,6.0,6.8,6.8,7.2,17.5,20.2,180.0,0,11,65,21,0,0,0,0,0,1,0,0,0,0,0.236
755,20080328,2.2880000000000003,-7.524,65.54166666666667,0.0,97.21,152.92700000000005,29.138875,0.14246760272175127,20.4709,-0.98825,0.1875,0.00945,3,5.2,5.2,6.0,6.6,6.8,7.2,17.5,20.2,180.0,0,11,65,21,0,0,0,0,0,1,0,0,0,0,0.236
756,20080329,3.463,-3.228,91.97916666666669,6.2,97.915,53.854,13.6835625,0.2205798419202269,15.7972,-0.806979,0.2,0.0093,3,6.2,11.4,11.4,12.2,13.0,13.4,22.0,26.4,180.0,0,11,65,21,0,0,0,0,0,1,0,0,0,0,0.236
757,20080330,4.128,2.286,80.64583333333333,1.2,98.11399999999999,107.594,25.53225,0.3400823331464671,14.9031,-0.487717,0.2,0.00875,3,7.4,7.4,12.6,13.400000000000002,14.2,14.6,19.4,27.6,180.0,0,11,65,21,0,0,0,0,0,1,0,0,0,0,0.236
758,20080331,4.0,2.0180000000000002,90.5,2.5,98.084,38.823,-3.69366666667,0.1307604635354129,8.83314,-0.235396,0.2,0.0082,3,3.7,9.9,15.1,15.1,16.500000000000004,16.900000000000002,17.1,28.8,180.0,0,11,65,21,0,0,0,0,0,1,0,0,0,0,0.267
759,20080401,2.502,1.624,91.39583333333331,0.0,98.162,96.771,40.20125,0.13463323326353735,34.92,2.11858,0.2,0.00765,4,2.5,3.7,9.9,15.1,15.900000000000002,16.700000000000006,17.1,27.4,180.0,0,11,65,21,0,0,0,0,0,1,0,0,0,0,0.29600000000000004
760,20080402,2.7230000000000003,0.569,80.64583333333333,0.0,98.715,114.135,46.8604791667,0.21318223145383305,36.6764,0.989042,0.2,0.0071,4,0.0,2.5,9.9,15.1,15.900000000000002,16.700000000000006,17.1,27.4,180.0,0,11,65,21,0,0,0,0,0,1,0,0,0,0,0.281
761,20080403,1.912,-2.878,64.625,0.0,99.711,172.604,50.046708333299996,0.1796138619973028,45.0451,0.43425,0.2,0.00655,4,0.0,0.0,3.7,9.9,15.1,16.700000000000006,17.1,27.4,180.0,0,11,65,21,0,0,0,0,0,1,0,0,0,0,0.273
762,20080404,2.708,-4.055,80.70833333333333,1.6,98.698,85.615,32.4908958333,0.2262089746322572,34.9565,0.23651999999999998,0.2,0.006,4,1.6,1.6,4.1,11.5,16.7,18.3,18.7,29.0,180.0,0,11,65,21,0,0,0,0,0,1,0,0,0,0,0.266
763,20080405,2.9,-4.407,91.33333333333331,13.8,97.75299999999999,41.875,18.2879791667,0.2705128241846597,24.5582,0.141013,0.2,0.00545,4,15.4,15.4,15.4,19.1,30.5,31.9,32.300000000000004,42.8,180.0,0,11,65,21,0,0,0,0,0,1,0,0,0,0,0.266
764,20080406,1.882,-1.814,93.0625,2.2,98.25299999999999,68.69800000000001,7.1296666666699995,0.326539527916948,23.82800000000001,0.091875,0.2,0.0049,4,16.0,17.6,17.6,20.1,27.5,33.5,34.300000000000004,45.00000000000001,180.0,0,11,65,21,0,0,0,0,0,1,0,0,0,0,0.266
765,20080407,3.063,-4.131,69.08333333333333,0.2,99.289,185.42700000000002,63.9093541667,0.3873934862777609,42.2791,0.08622919999999999,0.2,0.0046625,4,2.4000000000000004,16.200000000000006,17.800000000000004,17.800000000000004,27.70000000000001,33.7,34.50000000000001,45.20000000000001,180.0,0,11,65,21,0,0,0,0,0,1,0,0,0,0,0.259
766,20080408,2.258,-6.229,70.4375,0.0,98.44200000000001,96.083,52.2227708333,0.16361718546703607,47.233000000000004,0.07241669999999999,0.2,0.004425,4,0.2,2.4000000000000004,17.800000000000004,17.800000000000004,21.500000000000004,32.90000000000001,34.50000000000001,43.50000000000001,180.0,0,11,65,21,0,0,0,0,0,1,0,0,0,0,0.259
767,20080409,3.665,-3.045,58.91666666666666,0.2,97.566,117.479,49.1226666667,0.3157597154597709,46.5153,0.0635625,0.2,0.0041875,4,0.2,0.4,16.400000000000002,18.000000000000004,20.500000000000004,33.1,34.7,39.90000000000001,180.0,0,11,65,21,0,0,0,0,0,1,0,0,0,0,0.259
768,20080410,2.281,-5.4239999999999995,61.375,0.0,97.79899999999999,184.625,65.9854791667,0.17989498223630013,59.6309,0.063625,0.2,0.00395,4,0.2,0.2,2.6,18.000000000000004,18.000000000000004,33.1,34.5,35.10000000000001,180.0,0,11,65,21,0,0,0,0,0,1,0,0,0,0,0.258
769,20080418,3.181,0.8809999999999999,64.35416666666667,0.5,97.366,158.417,38.6443333333,0.2301247158011405,41.0786,-0.14006300000000002,0.30000000000000004,-0.00365,4,0.5,0.5,13.8,13.8,14.2,32.0,35.7,48.70000000000001,180.0,0,11,65,21,0,0,0,0,0,1,0,0,0,0,0.25
770,20080419,3.218,-1.834,54.54166666666666,0.2,97.666,211.34400000000002,67.2730833333,0.3841059411193797,71.9279,-0.112042,0.325,-0.0053125,4,0.7,0.7,0.7,14.0,14.2,30.6,34.7,48.90000000000001,180.0,0,11,65,21,0,0,0,0,0,1,0,0,0,0,0.251
771,20080420,1.3519999999999999,-1.2990000000000002,53.25,0.0,98.00299999999999,229.56900000000002,70.8394444444,0.3612290198011079,72.3853,-0.090375,0.35000000000000003,-0.006975,4,0.2,0.7,0.7,14.0,14.2,16.799999999999994,32.2,48.7,180.0,0,11,65,21,0,0,0,0,0,1,0,0,0,0,0.25
772,20080421,2.075,-1.72,59.70833333333334,0.2,98.447,195.458,64.1252916667,0.3955646720683123,69.2126,-0.09525,0.375,-0.008637500000000001,4,0.2,0.4,0.9,0.9,14.2,14.8,32.4,48.3,180.0,0,11,65,21,0,0,0,0,0,1,0,0,0,0,0.244
773,20080422,1.7590000000000001,-0.19,56.29166666666666,0.2,98.926,206.271,83.8373541667,0.4258856574753756,72.9089,-0.09972919999999999,0.4,-0.0103,4,0.4,0.4,1.1,1.1,14.4,14.8,32.6,48.50000000000001,180.0,0,11,65,21,0,0,0,0,0,1,0,0,0,0,0.244
774,20080423,2.612,2.525,54.35416666666666,0.0,98.363,175.26,61.9373125,0.410175693557669,54.1529,-0.112729,0.4125,-0.0099625,4,0.2,0.4,0.6000000000000001,1.1,14.4,14.8,32.6,47.70000000000001,180.0,0,11,65,21,0,0,0,0,0,1,0,0,0,0,0.244
775,20080424,3.532,1.375,60.0,0.0,98.286,178.75,54.617625,0.4221304069855056,63.9611,-0.134021,0.425,-0.009625,4,0.0,0.2,0.4,1.1,1.1,14.6,31.0,47.70000000000001,180.0,0,11,65,21,0,0,0,0,0,1,0,0,0,0,0.244
776,20080425,2.157,-2.906,53.0625,0.3,99.006,233.92700000000002,77.74075,0.35552080400330105,88.1569,-0.11070799999999999,0.4375,-0.0092875,4,0.3,0.3,0.7,0.8999999999999999,1.4,14.9,17.5,48.00000000000001,180.0,0,11,65,21,0,0,0,0,0,1,0,0,0,0,0.251
777,20080426,0.899,-1.8719999999999999,48.625,0.0,99.32700000000001,236.69799999999998,101.9073125,0.3727523807509861,96.4638,-0.0646458,0.45,-0.00895,4,0.3,0.3,0.5,0.7,1.4,14.7,15.3,42.8,180.0,0,11,65,21,0,0,0,0,0,1,0,0,0,0,0.25
778,20080427,2.323,4.6960000000000015,43.52083333333334,0.0,98.82700000000001,205.354,102.051041667,0.8409007768053884,77.86399999999998,-0.036270800000000006,0.4625,-0.0086125,4,0.0,0.3,0.3,0.7,1.4,14.7,15.1,42.8,180.0,0,11,65,21,0,0,0,0,0,1,0,0,0,0,0.244
779,20080428,1.7269999999999999,4.824,68.60416666666667,0.0,98.51799999999999,172.34400000000005,91.5628333333,0.5636801309180682,78.0357,0.030041700000000008,0.475,-0.008275000000000001,4,0.0,0.0,0.3,0.5,0.8999999999999999,14.7,15.1,36.6,180.0,0,11,65,21,0,0,0,0,0,1,0,0,0,0,0.281
780,20080507,0.6759999999999999,1.3940000000000001,84.4375,0.0,98.259,104.18799999999999,53.5442708333,0.5734238985630379,48.5147,-0.0729375,0.5,-0.004275,5,1.2,4.2,10.0,10.0,10.2,10.5,11.599999999999998,25.3,180.0,0,11,65,21,0,0,0,0,0,1,0,0,0,0,0.304
781,20080508,1.569,3.324,78.375,0.8,98.325,151.656,84.225375,0.573533370828553,36.8718,-0.13906300000000002,0.5,-0.0038,5,0.8,2.0,9.6,10.8,10.999999999999998,11.3,11.899999999999995,26.099999999999994,180.0,0,11,65,21,0,0,0,0,0,1,0,0,0,0,0.319
782,20080509,1.6219999999999999,6.4179999999999975,79.75,0.4,98.09,187.792,100.65597916700001,0.4495545364823564,34.8755,-0.0413542,0.5125000000000001,-0.001025,5,1.2000000000000002,1.2000000000000002,5.4,11.2,11.2,11.7,12.099999999999998,26.3,180.0,0,11,65,21,0,0,0,0,0,1,0,0,0,0,0.33299999999999996
783,20080510,4.434,4.7360000000000015,53.22916666666666,0.0,98.25399999999999,236.729,102.03139583299999,0.715955694327582,65.9811,0.0742083,0.525,0.00175,5,0.4,1.2000000000000002,2.4000000000000004,10.0,11.2,11.4,12.099999999999998,26.3,180.0,0,11,65,21,0,0,0,0,0,1,0,0,0,0,0.325
784,20080511,2.005,1.166,76.66666666666667,4.2,98.209,97.208,40.55725,0.5567480194447577,40.9048,-0.0157292,0.5375,0.004525,5,4.2,4.6000000000000005,5.4,9.6,15.4,15.6,16.1,30.3,180.0,0,11,65,21,0,0,0,0,0,1,0,0,0,0,0.304
785,20080512,4.71,2.542,68.70833333333333,0.6,98.14200000000001,204.71900000000002,98.8803541667,0.7291171662130147,62.1531,-0.214104,0.55,0.0073,5,4.8,4.8,6.0,7.2,15.999999999999998,16.2,16.5,30.9,180.0,0,11,65,21,0,0,0,0,0,1,0,0,0,0,0.29600000000000004
786,20080513,3.917,1.5490000000000002,65.02083333333333,0.0,98.325,197.885,88.58,0.7243941700678246,64.4376,-0.282542,0.5625,0.010075,5,0.6,4.8,5.2,6.0,14.8,16.2,16.5,30.9,180.0,0,11,65,21,0,0,0,0,0,1,0,0,0,0,0.28800000000000003
787,20080514,2.316,0.303,68.89583333333333,0.8,98.66,188.143,90.1183125,0.6382335047448369,74.5668,-0.301875,0.5750000000000001,0.01285,5,0.8,1.4,5.6,6.8,11.0,16.8,17.3,18.4,180.0,0,11,65,21,0,0,0,0,0,1,0,0,0,0,0.28800000000000003
788,20080515,2.256,0.424,60.1875,0.0,98.52799999999999,191.797,85.1637708333,0.6110555990201374,65.7154,-0.381521,0.5875,0.015625,5,0.8,0.8,5.6,6.0,8.0,16.8,17.0,18.4,180.0,0,11,65,21,0,0,0,0,0,1,0,0,0,0,0.281
789,20080516,3.815,-1.554,80.45833333333333,1.6,98.074,111.896,42.0876666667,0.3874343548079718,43.4556,-0.423292,0.6000000000000001,0.0184,5,1.6,2.4000000000000004,3.0000000000000004,7.200000000000001,8.400000000000002,18.4,18.6,20.0,180.0,0,11,65,21,0,0,0,0,0,1,0,0,0,0,0.273
790,20080517,3.572,0.354,84.95833333333333,0.7,97.802,129.083,71.6502708333,0.6453722937788138,45.3725,-0.415604,0.6125,0.022075,5,2.3,2.3,3.1,7.9,9.1,19.1,19.3,20.7,180.0,0,11,65,21,0,0,0,0,0,1,0,0,0,0,0.273
791,20080518,2.411,0.624,93.66666666666669,4.4,97.89200000000001,106.68799999999999,55.398,0.7755151415330042,34.1039,-0.4035,0.625,0.02575,5,5.1000000000000005,6.700000000000001,7.500000000000001,8.100000000000001,12.7,22.300000000000004,23.70000000000001,24.6,180.0,0,11,65,21,0,0,0,0,0,1,0,0,0,0,0.273
792,20080519,2.428,1.06,85.35416666666667,0.2,98.321,112.156,64.7694166667,0.8037989534923856,47.989,-0.40025,0.6375000000000001,0.029425,5,4.6000000000000005,5.300000000000002,6.9,7.7,12.5,17.9,23.7,24.6,180.0,0,11,65,21,0,0,0,0,0,1,0,0,0,0,0.281
793,20080520,1.5930000000000002,1.501,82.27083333333333,0.4,98.902,144.583,75.2338541667,0.531321162385374,61.2507,-0.389833,0.65,0.033100000000000004,5,0.6000000000000001,5.0,7.300000000000002,8.100000000000001,12.900000000000002,15.300000000000002,24.100000000000005,25.000000000000004,180.0,0,11,65,21,0,0,0,0,0,1,0,0,0,0,0.281
794,20080521,1.42,0.877,67.79166666666667,0.0,99.366,130.0,58.7413333333,0.5526764529923119,50.4586,-0.36714600000000003,0.6625000000000001,0.036775,5,0.4,0.6000000000000001,5.7,7.3000000000000025,8.700000000000001,14.100000000000005,24.100000000000005,24.800000000000004,180.0,0,11,65,21,0,0,0,0,0,1,0,0,0,0,0.281
795,20080522,0.915,2.542,59.72916666666666,0.0,100.01299999999999,212.17700000000002,97.1418297872,0.7943889552144991,85.7953,-0.379771,0.675,0.04045,5,0.0,0.4,5.0,7.3000000000000025,8.100000000000001,14.100000000000005,24.100000000000005,24.600000000000005,180.0,0,11,65,21,0,0,0,0,0,1,0,0,0,0,0.273
796,20080523,1.6269999999999998,5.813,51.29166666666666,0.0,99.859,255.011,133.22438297899998,0.8565481685495822,78.0759,-0.536646,0.6875,0.044125,5,0.0,0.0,0.6000000000000001,5.7,8.100000000000001,13.300000000000002,22.90000000000001,24.600000000000005,180.0,0,11,65,21,0,0,0,0,0,1,0,0,0,0,0.281
797,20080524,2.171,5.632999999999999,52.66666666666666,0.0,99.58200000000001,276.841,137.776125,0.8396747175242558,90.1744,-0.985,0.7000000000000001,0.0478,5,0.0,0.0,0.4,5.0,7.300000000000002,12.900000000000002,18.300000000000004,24.600000000000005,180.0,0,11,65,21,0,0,0,0,0,1,0,0,0,0,0.17500000000000002
798,20080525,1.702,7.5760000000000005,54.9375,0.0,98.904,253.5,144.185125,1.0160727794736737,78.2318,-0.330854,0.7000000000000001,0.049175,5,0.0,0.0,0.0,0.6000000000000001,7.300000000000002,12.900000000000002,15.300000000000002,24.300000000000004,180.0,0,11,65,21,0,0,0,0,0,1,0,0,0,0,0.187
799,20080526,2.977,5.522,70.1875,1.5,98.22399999999999,172.523,89.3445208333,1.038899995876816,47.4186,14.2553,0.7000000000000001,0.050550000000000005,5,1.5,1.5,1.5,1.9,7.2,10.2,15.600000000000005,25.800000000000004,180.0,0,11,65,21,0,0,0,0,0,1,0,0,0,0,0.187
800,20080527,2.541,7.205,53.875,0.0,98.56,303.073,165.355895833,1.101885935581238,101.46700000000001,14.9541,0.7000000000000001,0.051925000000000006,5,1.5,1.5,1.5,1.5,6.5,9.6,15.600000000000005,25.800000000000004,180.0,0,11,65,21,0,0,0,0,0,1,0,0,0,0,0.204
801,20080528,2.9,9.51,58.10416666666666,0.2,98.488,169.438,82.5292083333,1.0934487493306153,41.5162,16.1541,0.7000000000000001,0.0533,5,0.2,1.7,1.7,1.7,2.3000000000000003,9.800000000000002,15.000000000000002,26.0,180.0,0,11,65,21,0,0,0,0,0,1,0,0,0,0,0.19699999999999998
802,20080529,1.7380000000000002,10.484000000000002,56.47916666666666,0.0,98.771,201.701,117.657125,1.263463463097868,56.2203,16.9571,0.7000000000000001,0.054675,5,0.2,0.2,1.7,1.7,2.1,9.000000000000002,14.6,25.8,180.0,0,11,65,21,0,0,0,0,0,1,0,0,0,0,0.17
803,20080530,2.7060000000000004,8.573,57.39583333333334,0.0,99.041,262.469,127.815479167,1.1387865425437074,83.9123,17.787,0.7000000000000001,0.05605,5,0.0,0.2,1.7,1.7,1.7,9.000000000000002,14.6,25.8,180.0,0,11,65,21,0,0,0,0,0,1,0,0,0,0,0.187
804,20080531,1.8840000000000001,13.72,48.54166666666666,0.0,98.95299999999999,336.6980000000001,177.2826875,1.5701094021455708,105.145,11.2134,0.7000000000000001,0.057425,5,0.0,0.0,0.2,1.7,1.7,7.400000000000001,10.400000000000002,25.8,180.0,0,11,65,21,0,0,0,0,0,1,0,0,0,0,0.18600000000000005
805,20080601,2.0869999999999997,14.534,58.1875,0.5,98.41,126.458,54.977787234,1.2606342065651914,8.612260000000001,12.2269,0.7000000000000001,0.05880000000000001,6,0.5,0.5,0.7,2.2,2.2,7.200000000000001,10.300000000000002,26.3,180.0,0,11,65,21,0,0,0,0,0,1,0,0,0,0,0.256
806,20080602,2.909,10.652000000000001,75.125,5.5,98.7,162.25,92.2308913043,1.4328983450465211,33.9009,14.7126,0.7125,0.0588875,6,6.0,6.0,6.0,6.2,7.7,8.299999999999999,15.8,30.599999999999994,180.0,0,11,65,21,0,0,0,0,0,1,0,0,0,0,0.278
807,20080603,1.838,11.458,55.16666666666666,0.0,99.26,321.0420000000001,163.8311875,1.5991363856621577,97.5908,11.9154,0.7250000000000001,0.058975,6,5.5,6.0,6.0,6.2,7.7,8.1,14.999999999999998,26.0,180.0,0,11,65,21,0,0,0,0,0,1,0,0,0,0,0.255
808,20080604,1.96,12.125,51.1875,0.0,99.25200000000001,329.49,165.2098125,1.5535096810285831,95.7272,7.63927,0.7375,0.0590625,6,0.0,5.5,6.0,6.0,7.7,7.7,14.999999999999998,23.0,180.0,0,11,65,21,0,0,0,0,0,1,0,0,0,0,0.28300000000000003
809,20080605,2.3169999999999997,11.208,58.10416666666666,0.0,98.994,261.688,133.57075,1.465138178734479,81.7409,9.88625,0.75,0.05915,6,0.0,0.0,6.0,6.0,6.2,7.7,13.4,21.8,180.0,0,11,65,21,0,0,0,0,0,1,0,0,0,0,0.292
810,20080606,2.858,6.412999999999999,56.5,0.0,99.296,292.362,146.851208333,1.2030345816117385,99.5585,7.48641,0.7625000000000001,0.05923750000000001,6,0.0,0.0,5.5,6.0,6.2,7.7,12.7,21.8,180.0,0,11,65,21,0,0,0,0,0,1,0,0,0,0,0.23
811,20080607,1.68,8.801,53.1875,2.0,99.113,281.65,148.39914893600002,1.4531377943098804,83.0616,4.865419999999999,0.775,0.059325,6,2.0,2.0,2.0,8.0,8.0,9.7,10.3,23.0,180.0,0,11,65,21,0,0,0,0,0,1,0,0,0,0,0.238
812,20080608,2.477,3.73,69.0,1.9,98.273,138.385,72.4505625,1.1914596409487803,46.0371,6.8544800000000015,0.7875000000000001,0.0594125,6,3.9,3.9,3.9,9.4,9.9,11.6,12.0,24.500000000000004,180.0,0,11,65,21,0,0,0,0,0,1,0,0,0,0,0.258
813,20080609,1.9509999999999998,4.401,60.3125,0.0,97.911,154.885,79.0986041667,1.1256950945372843,63.5762,-1.6535799999999998,0.8,0.0595,6,1.9,3.9,3.9,3.9,9.9,11.6,11.6,24.500000000000004,180.0,0,11,65,21,0,0,0,0,0,1,0,0,0,0,0.213
814,20080610,1.916,5.218,57.66666666666666,0.0,97.566,266.476,128.942787234,1.2999281638507063,94.8851,-0.0045,0.8125,0.06583750000000001,6,0.0,1.9,3.9,3.9,9.9,10.1,11.6,20.300000000000004,180.0,0,11,65,21,0,0,0,0,0,1,0,0,0,0,0.23199999999999998
815,20080611,2.6919999999999997,3.697,79.77083333333333,1.8,97.03,188.417,82.0562708333,0.9874426977194886,67.541,4.35454,0.8250000000000001,0.072175,6,1.8,1.8,5.7,5.7,11.2,11.9,13.4,21.5,180.0,0,11,65,21,0,0,0,0,0,1,0,0,0,0,0.23199999999999998
816,20080612,1.661,4.492,94.60416666666669,4.3,97.05799999999999,75.292,29.7886666667,0.7886063418638948,21.2891,-0.035375,0.8375,0.0785125,6,6.1,6.1,8.0,10.0,10.0,16.0,17.7,25.8,180.0,0,11,65,21,0,0,0,0,0,1,0,0,0,0,0.21600000000000005
817,20080613,1.3330000000000002,7.1229999999999976,94.5,5.4,97.70200000000001,107.115,37.5923125,1.1305403311623683,10.838,1.06013,0.8500000000000001,0.08485000000000001,6,9.7,11.5,11.5,15.4,15.4,21.4,23.1,30.399999999999995,180.0,0,11,65,21,0,0,0,0,0,1,0,0,0,0,0.25
818,20080614,1.771,11.53,64.29166666666667,0.0,98.03200000000001,229.872,123.2425625,1.9490504105697075,40.2812,7.15935,0.8625,0.0911875,6,5.4,9.7,11.5,13.4,15.4,21.4,23.1,30.399999999999995,180.0,0,11,65,21,0,0,0,0,0,1,0,0,0,0,0.28300000000000003
819,20080615,1.659,13.78,54.4375,0.7,97.604,231.71599999999998,121.5641875,1.8889111981017304,46.0941,11.9839,0.875,0.097525,6,0.7,6.1000000000000005,12.2,12.2,16.1,22.1,22.3,29.5,180.0,0,11,65,21,0,0,0,0,0,1,0,0,0,0,0.262
820,20080616,1.598,9.851,93.97916666666669,4.4,97.54700000000001,65.0,11.9885833333,0.7819754395723553,-0.21993600000000002,10.6879,0.8875000000000001,0.1038625,6,5.1000000000000005,5.1000000000000005,14.8,16.6,20.5,26.0,26.7,33.2,180.0,0,11,65,21,0,0,0,0,0,1,0,0,0,0,0.28700000000000003
821,20080617,1.805,12.296,79.10416666666667,0.7,97.677,243.21400000000003,129.327212766,2.2980289506503846,43.6202,3.79081,0.9,0.1102,6,5.1000000000000005,5.8000000000000025,11.2,17.3,19.2,21.2,27.2,29.5,180.0,0,11,65,21,0,0,0,0,0,1,0,0,0,0,0.28500000000000003
822,20080618,2.101,12.524000000000001,79.125,0.0,97.616,207.53099999999998,114.6375,1.6534025990142516,52.2827,11.3541,0.9,0.1139625,6,0.7,5.1000000000000005,5.8000000000000025,15.5,17.3,21.2,27.2,29.3,180.0,0,11,65,21,0,0,0,0,0,1,0,0,0,0,0.265
823,20080619,1.56,13.28,86.33333333333331,7.0,97.491,158.781,81.2861666667,1.501803894015474,36.0074,9.24421,0.9,0.117725,6,7.0,7.7,12.8,18.200000000000006,24.300000000000004,28.20000000000001,34.2,35.90000000000001,180.0,0,11,65,21,0,0,0,0,0,1,0,0,0,0,0.27
824,20080620,1.6,14.489,74.83333333333333,0.0,97.682,207.01,123.689479167,2.4396392485525187,42.5198,11.5479,0.9,0.1214875,6,7.0,7.0,12.1,12.8,24.300000000000004,28.20000000000001,34.2,35.90000000000001,180.0,0,11,65,21,0,0,0,0,0,1,0,0,0,0,0.28200000000000003
825,20080621,2.231,13.74,80.9375,2.0,97.443,116.99,50.505125,1.4924108189707197,9.6977,6.30315,0.9,0.12525,6,2.0,9.0,9.7,14.8,24.5,30.2,35.7,37.90000000000001,180.0,0,11,65,21,0,0,0,0,0,1,0,0,0,0,0.263
826,20080622,2.323,12.719000000000001,77.25,1.7,97.65100000000001,223.396,106.7379375,2.4207648351251843,47.4647,11.7611,0.9,0.1290125,6,3.7,3.7,10.7,15.8,21.9,29.9,31.9,39.6,180.0,0,11,65,21,0,0,0,0,0,1,0,0,0,0,0.28600000000000003
827,20080623,2.151,14.564,67.77083333333333,1.9,97.381,261.111,133.376604167,2.320746684264732,52.5384,12.3545,0.9,0.132775,6,3.6,5.6,12.6,13.3,18.4,29.9,33.8,41.5,180.0,0,11,65,21,0,0,0,0,0,1,0,0,0,0,0.254
828,20080624,2.502,14.642000000000001,74.14583333333333,1.2,96.84100000000001,151.219,62.9165319149,2.355027926314447,19.8858,12.3807,0.9,0.1365375,6,3.1,4.8,6.8,13.8,19.6,31.1,35.0,42.7,180.0,0,11,65,21,0,0,0,0,0,1,0,0,0,0,0.273
829,20080625,1.7209999999999999,13.029000000000002,86.60416666666669,10.4,96.904,164.388,73.7870833333,2.119764850593993,21.6439,6.02151,0.9,0.1403,6,11.6,13.5,17.2,24.2,29.3,41.49999999999999,45.39999999999999,51.6,180.0,0,11,65,21,0,0,0,0,0,1,0,0,0,0,0.265
830,20080626,1.844,8.839,92.72916666666669,22.4,96.814,51.49,8.35177083333,0.8421576804874615,-9.58826,-2.09538,0.9,0.14015,6,32.8,34.0,37.6,39.6,47.3,62.1,67.8,74.0,180.0,0,11,65,21,0,0,0,0,0,1,0,0,0,0,0.293
831,20080627,2.5469999999999997,8.512,92.5625,0.9,97.214,112.656,39.3005833333,1.1994552393212534,14.8873,5.14797,0.9,0.14,6,23.3,33.7,36.8,40.5,47.5,58.7,66.7,74.7,180.0,0,11,65,21,0,0,0,0,0,1,0,0,0,0,0.34299999999999997
832,20080628,2.5839999999999996,10.084,83.22916666666667,0.2,97.89200000000001,193.75,107.70041666700001,1.3466405561530992,35.4782,4.5601,0.9,0.13985,6,1.1,23.5,35.1,38.7,47.7,53.50000000000001,65.0,74.9,180.0,0,11,65,21,0,0,0,0,0,1,0,0,0,0,0.297
833,20080629,1.585,13.853,63.625,0.0,98.169,338.125,192.868916667,2.281368139610447,94.4228,10.8993,0.9,0.13970000000000002,6,0.2,1.1,33.9,37.0,40.7,53.50000000000001,65.0,74.9,180.0,0,11,65,21,0,0,0,0,0,1,0,0,0,0,0.261
834,20080630,1.87,14.585,71.89583333333333,2.5,98.319,211.417,104.66079166700001,1.823683140841496,42.9917,5.21799,0.9,0.13955,6,2.5,2.7,26.0,37.6,43.2,55.3,67.5,77.4,180.0,0,11,65,21,0,0,0,0,0,1,0,0,0,0,0.27699999999999997
835,20080701,1.5590000000000002,15.624,83.20833333333333,8.8,98.48100000000001,226.565,99.9162083333,2.2179978464384105,28.9058,9.43823,0.9,0.1394,7,11.3,11.3,12.4,45.2,50.0,59.7,74.50000000000001,85.70000000000002,180.0,0,11,65,21,0,0,0,0,0,1,0,0,0,0,0.3
836,20080702,1.821,18.169,63.64583333333334,0.2,98.854,305.58299999999997,168.41921276600002,2.54676340072798,63.2666,10.087,0.9,0.13925,7,9.0,11.5,11.7,35.0,48.5,59.2,70.40000000000002,80.40000000000002,180.0,0,11,65,21,0,0,0,0,0,1,0,0,0,0,0.28600000000000003
837,20080703,2.563,19.215999999999998,57.54166666666666,0.0,99.167,324.4790000000001,178.589020833,2.5905974975950703,85.5302,12.1964,0.9,0.1391,7,0.2,9.0,11.5,12.6,46.6,59.2,65.00000000000001,80.40000000000002,180.0,0,11,65,21,0,0,0,0,0,1,0,0,0,0,0.28800000000000003
838,20080704,3.781,10.42,68.4375,0.0,99.189,176.479,92.9688333333,1.293275017547335,47.9225,9.22875,0.9125,0.14235,7,0.0,0.2,11.5,11.7,45.4,52.2,65.00000000000001,80.40000000000002,180.0,0,11,65,21,0,0,0,0,0,1,0,0,0,0,0.295
839,20080705,3.9819999999999998,7.345,78.75,0.0,98.708,123.458,55.8840625,1.3948843756003682,38.2748,-0.961313,0.925,0.1456,7,0.0,0.0,9.0,11.5,35.0,52.2,64.30000000000001,80.40000000000002,180.0,0,11,65,21,0,0,0,0,0,1,0,0,0,0,0.187
840,20080706,4.592,7.824,75.85416666666667,0.0,98.366,127.833,69.9873958333,1.0081903490639403,47.9623,-5.0035,0.9375,0.14885,7,0.0,0.0,0.2,11.5,12.6,50.2,59.90000000000001,80.40000000000002,180.0,0,11,65,21,0,0,0,0,0,1,0,0,0,0,0.206
841,20080707,3.5839999999999996,8.355,66.66666666666667,0.0,97.928,270.695,150.290276596,1.4032465665603038,91.6286,-1.3789,0.95,0.1521,7,0.0,0.0,0.0,9.0,11.7,48.5,59.2,78.40000000000002,180.0,0,11,65,21,0,0,0,0,0,1,0,0,0,0,0.201
842,20080708,2.55,7.912000000000001,79.04166666666667,1.2,97.464,44.28100000000001,3.77420833333,0.8515275551434476,1.46412,5.84133,0.9625,0.15535000000000002,7,1.2,1.2,1.2,1.4,12.7,47.8,60.40000000000001,77.70000000000002,180.0,0,11,65,21,0,0,0,0,0,1,0,0,0,0,0.213
843,20080709,1.669,11.762,75.95833333333333,0.2,97.171,124.375,75.1142708333,1.1998302706539734,25.8923,-4.99479,0.975,0.15860000000000002,7,1.4,1.4,1.4,1.4,12.9,46.8,53.6,77.9,180.0,0,11,65,21,0,0,0,0,0,1,0,0,0,0,0.214
844,20080710,1.9269999999999998,10.749,80.54166666666667,2.4,97.273,119.31299999999999,67.0123333333,1.4360132739340783,18.3475,5.94313,0.9875,0.16185000000000002,7,2.6,3.8,3.8,3.8,12.8,38.8,56.0,80.30000000000003,180.0,0,11,65,21,0,0,0,0,0,1,0,0,0,0,0.248
845,20080711,1.501,10.435,88.41666666666669,2.8,97.684,98.469,43.4711666667,1.0526460062998002,20.7799,3.19933,1.0,0.1651,7,5.199999999999998,5.4,6.6,6.6,6.8,19.2,56.8,81.30000000000003,180.0,0,11,65,21,0,0,0,0,0,1,0,0,0,0,0.213
846,20080712,1.36,12.325,87.22916666666669,0.0,97.56200000000001,154.10399999999996,89.2224375,1.4105589356601471,31.4633,2.01852,0.9875,0.1646,7,2.8,5.199999999999998,6.6,6.6,6.6,18.3,55.1,77.00000000000001,180.0,0,11,65,21,0,0,0,0,0,1,0,0,0,0,0.28500000000000003
847,20080713,1.296,14.117,79.1875,0.0,97.492,184.503,108.386958333,1.9874177974400449,39.1925,7.5154,0.975,0.1641,7,0.0,2.8,5.4,6.6,6.6,18.1,53.2,71.60000000000002,180.0,0,11,65,21,0,0,0,0,0,1,0,0,0,0,0.237
848,20080714,1.578,15.139000000000001,78.25,0.3,97.665,202.94799999999998,105.100416667,1.9963734810265392,41.8379,7.65658,0.9625,0.1636,7,0.3,0.3,5.5,6.9,6.9,18.4,52.3,71.9,180.0,0,11,65,21,0,0,0,0,0,1,0,0,0,0,0.257
849,20080715,1.965,16.373,69.9375,0.0,97.507,284.83099999999996,166.273270833,2.54859703391602,84.4567,7.07265,0.95,0.1631,7,0.3,0.3,3.1,5.7,6.9,15.900000000000002,41.9,71.2,180.0,0,11,65,21,0,0,0,0,0,1,0,0,0,0,0.27
850,20080716,2.443,14.704,87.20833333333331,3.5,96.975,104.833,38.025723404299995,1.6593037656362803,5.5427300000000015,9.39517,0.9375,0.1626,7,3.5,3.8,3.8,9.0,10.4,10.599999999999998,23.0,70.3,180.0,0,11,65,21,0,0,0,0,0,1,0,0,0,0,0.24600000000000002
851,20080717,2.3369999999999997,15.284,71.0,0.0,97.04299999999999,261.83299999999997,144.786319149,2.589916687749473,53.0807,3.50894,0.925,0.1621,7,3.5,3.5,3.8,6.6,10.4,10.4,22.1,69.6,180.0,0,11,65,21,0,0,0,0,0,1,0,0,0,0,0.28700000000000003
852,20080718,1.703,13.175,86.1875,6.4,97.24600000000001,192.08900000000003,82.4606086957,2.3708617461229005,11.4563,6.18688,0.9125,0.16160000000000002,7,6.4,9.9,10.2,10.2,15.6,16.8,28.3,76.0,180.0,0,11,65,21,0,0,0,0,0,1,0,0,0,0,0.255
853,20080719,1.743,13.804,81.625,3.1,98.072,190.15599999999998,79.8510208333,2.3770321875970755,19.657,3.30977,0.9,0.16110000000000002,7,9.5,9.5,13.0,13.3,18.5,19.9,31.4,72.10000000000002,180.0,0,11,65,21,0,0,0,0,0,1,0,0,0,0,0.256
854,20080720,1.4409999999999998,17.517,69.52083333333333,0.0,98.36399999999999,224.83599999999998,131.783680851,2.387540120190538,40.0222,2.82563,0.9125,0.162025,7,3.1,9.5,13.0,13.3,16.1,19.9,28.9,72.10000000000002,180.0,0,11,65,21,0,0,0,0,0,1,0,0,0,0,0.248
855,20080721,2.325,15.734000000000002,96.10416666666669,17.3,97.449,40.458,-3.91204545455,0.8895790841701966,-12.3661,9.51206,0.925,0.16295,7,17.3,20.4,26.800000000000004,30.300000000000004,30.600000000000005,37.20000000000001,37.40000000000001,87.40000000000003,180.0,0,11,65,21,0,0,0,0,0,1,0,0,0,0,0.257
856,20080722,2.109,15.627,92.97916666666669,2.3,97.042,131.635,59.6449375,2.396033647280132,9.12757,3.52881,0.9375,0.16387500000000002,7,19.6,19.6,29.1,32.6,32.9,39.5,39.5,88.00000000000001,180.0,0,11,65,21,0,0,0,0,0,1,0,0,0,0,0.34500000000000003
857,20080723,3.0660000000000003,13.097000000000001,86.22916666666669,0.0,97.921,84.948,33.8324166667,1.276794966120372,-0.40781999999999996,7.7831,0.95,0.1648,7,2.3,19.6,22.70000000000001,29.1,32.9,38.3,39.5,86.10000000000002,180.0,0,11,65,21,0,0,0,0,0,1,0,0,0,0,0.276
858,20080724,2.5980000000000003,15.007,73.39583333333333,0.0,98.984,159.688,82.6261666667,1.9661202694050481,20.8109,-0.618625,0.9625,0.165725,7,0.0,2.3,19.6,29.1,32.6,38.1,39.5,84.9,180.0,0,11,65,21,0,0,0,0,0,1,0,0,0,0,0.249
859,20080725,1.495,13.690999999999999,83.70833333333333,3.6,99.193,180.67700000000002,79.0863541667,2.245935688018418,25.6189,5.86902,0.975,0.16665000000000002,7,3.6,3.6,23.20000000000001,26.300000000000004,36.2,39.3,43.1,78.10000000000002,180.0,0,11,65,21,0,0,0,0,0,1,0,0,0,0,0.243
860,20080726,2.296,13.446,73.29166666666667,0.0,99.31299999999999,156.333,70.1897083333,1.7588033850590985,22.4998,1.96196,0.9875,0.167575,7,3.6,3.6,5.9,23.20000000000001,32.7,36.5,43.1,55.70000000000001,180.0,0,11,65,21,0,0,0,0,0,1,0,0,0,0,0.26899999999999996
861,20080727,2.432,11.295,71.41666666666667,0.0,99.574,199.67700000000002,110.573145833,1.8537166152524744,53.3748,0.457833,1.0,0.1685,7,0.0,3.6,3.6,23.20000000000001,32.7,36.5,43.1,54.80000000000001,180.0,0,11,65,21,0,0,0,0,0,1,0,0,0,0,0.163
862,20080728,2.253,12.613,72.08333333333333,0.0,99.634,197.53099999999998,102.22675,1.7512974730460988,55.1352,3.3551699999999998,1.0125,0.1632375,7,0.0,0.0,3.6,5.9,26.300000000000004,36.5,41.9,54.60000000000001,180.0,0,11,65,21,0,0,0,0,0,1,0,0,0,0,0.196
863,20080729,1.82,13.061,67.97916666666667,0.0,99.57799999999999,281.14599999999996,141.484791667,2.0119806706027283,71.6883,3.1641,1.025,0.157975,7,0.0,0.0,3.6,3.6,23.20000000000001,36.2,41.7,54.60000000000001,180.0,0,11,65,21,0,0,0,0,0,1,0,0,0,0,0.179
864,20080730,1.307,16.384,72.91666666666667,12.9,99.02799999999999,235.69799999999998,147.643854167,2.0062829306803818,59.202,3.32142,1.0375,0.1527125,7,12.9,12.9,12.9,16.5,36.1,49.1,52.2,65.0,180.0,0,11,65,21,0,0,0,0,0,1,0,0,0,0,0.19699999999999998
865,20080731,2.193,11.003,89.72916666666669,10.3,98.804,62.646,28.0494166667,1.2862546091725602,-5.50039,10.2818,1.05,0.14745,7,23.20000000000001,23.20000000000001,23.20000000000001,26.800000000000004,29.100000000000005,55.90000000000001,59.7,66.50000000000001,180.0,0,11,65,21,0,0,0,0,0,1,0,0,0,0,0.201
866,20080801,3.0210000000000004,7.999,72.72916666666667,0.0,98.84899999999999,158.07299999999995,76.3158333333,1.5581265224422591,35.2512,-4.15435,1.0625,0.1421875,8,10.3,23.20000000000001,23.20000000000001,23.20000000000001,26.800000000000004,55.90000000000001,59.7,66.30000000000001,180.0,0,11,65,21,0,0,0,0,0,1,0,0,0,0,0.196
867,20080802,3.008,7.485,75.16666666666667,0.5,98.45700000000001,152.57299999999995,67.245125,1.3478899626390952,37.734,-4.4463300000000014,1.075,0.13692500000000002,8,0.5,10.8,23.70000000000001,23.70000000000001,27.300000000000004,50.00000000000001,60.2,66.80000000000001,180.0,0,11,65,21,0,0,0,0,0,1,0,0,0,0,0.158
868,20080803,1.956,7.695,74.27083333333333,0.2,98.413,202.63,101.63733333299999,1.4905702694356957,52.8463,-4.35479,1.0875,0.13166250000000002,8,0.7,0.7,23.9,23.9,27.5,47.1,60.1,67.0,180.0,0,11,65,21,0,0,0,0,0,1,0,0,0,0,0.173
869,20080805,0.767,10.503,73.97916666666667,0.0,98.544,144.594,79.6848125,1.5591884683459194,30.0243,-0.337917,1.0875,0.123575,8,0.0,0.2,0.7,23.9,23.9,29.8,56.6,67.0,180.0,0,11,65,21,0,0,0,0,0,1,0,0,0,0,0.171
870,20080806,1.334,11.47,68.58333333333333,0.0,98.182,151.27100000000004,78.43,1.713866033143346,26.3637,3.0145,1.075,0.12075,8,0.0,0.0,0.7,11.0,23.9,27.5,56.6,67.0,180.0,0,11,65,21,0,0,0,0,0,1,0,0,0,0,0.17400000000000002
871,20080807,1.176,10.914000000000001,80.5625,9.5,97.61200000000001,166.688,78.2974791667,1.7229931079475729,28.8459,4.83629,1.0625,0.117925,8,9.5,9.5,9.7,10.2,33.4,37.0,59.7,75.3,180.0,0,11,65,21,0,0,0,0,0,1,0,0,0,0,0.165
872,20080808,1.682,11.304,87.5625,13.6,97.294,129.77100000000002,63.0173125,1.4326163195425514,14.079,2.0790599999999997,1.05,0.1151,8,23.1,23.1,23.1,23.8,47.0,50.6,70.2,88.7,180.0,0,11,65,21,0,0,0,0,0,1,0,0,0,0,0.18899999999999997
873,20080809,2.5669999999999997,8.261000000000001,90.10416666666669,1.1,97.084,51.958,13.2948958333,0.8992677022629983,3.01284,2.5568299999999997,1.0375,0.112275,8,14.7,24.2,24.2,24.4,35.2,48.1,71.3,87.39999999999998,180.0,0,11,65,21,0,0,0,0,0,1,0,0,0,0,0.19
874,20080810,2.12,8.985,76.85416666666667,0.0,97.11200000000001,207.15599999999998,99.0383958333,1.5651725635584266,51.1965,-4.38679,1.025,0.10945,8,1.1,14.7,24.2,24.2,24.9,48.1,54.0,84.6,180.0,0,11,65,21,0,0,0,0,0,1,0,0,0,0,0.179
875,20080811,2.205,10.029,77.77083333333333,0.0,97.265,205.57299999999998,100.62735416700001,1.8891326253221896,44.9434,0.612729,1.0125,0.106625,8,0.0,1.1,24.2,24.2,24.9,48.1,51.7,84.6,180.0,0,11,65,21,0,0,0,0,0,1,0,0,0,0,0.17600000000000002
876,20080812,2.359,13.124,88.20833333333331,2.3,96.899,122.956,45.3395208333,1.9014783983701995,10.6517,0.770208,1.0,0.1038,8,2.3,2.3,17.0,26.5,26.7,50.4,54.0,86.89999999999998,180.0,0,11,65,21,0,0,0,0,0,1,0,0,0,0,0.204
877,20080813,2.168,15.029000000000002,84.64583333333333,20.5,96.98100000000001,126.95100000000001,71.32325,1.5815555358445004,19.6126,6.60002,0.9875,0.1019,8,22.8,22.8,23.9,47.0,47.0,70.9,74.5,107.1,180.0,0,11,65,21,0,0,0,0,0,1,0,0,0,0,0.2
878,20080814,3.4389999999999996,12.758,95.72916666666669,10.8,96.03299999999999,52.073,-9.361,2.306775522323892,-27.9548,7.76629,0.975,0.1,8,31.3,33.6,33.6,48.3,57.8,68.80000000000001,81.70000000000002,117.9,180.0,0,11,65,21,0,0,0,0,0,1,0,0,0,0,0.209
879,20080815,1.574,11.128,92.0625,5.9,97.351,104.958,35.1881041667,1.4073938983774854,9.54162,0.898646,0.9625,0.0981,8,16.700000000000006,37.2,39.5,40.6,63.7,64.4,87.60000000000002,120.3,180.0,0,11,65,21,0,0,0,0,0,1,0,0,0,0,0.19899999999999998
880,20080816,2.081,10.704,76.35416666666667,0.0,98.49700000000001,201.875,82.9335625,1.736874150863479,24.1291,1.07206,0.95,0.0962,8,5.9,16.700000000000006,39.5,39.5,63.7,64.4,87.60000000000002,120.3,180.0,0,11,65,21,0,0,0,0,0,1,0,0,0,0,0.16899999999999998
881,20080817,1.611,9.985,77.16666666666667,0.0,98.897,199.115,84.6952708333,1.4501440243023611,36.2474,-1.8912900000000001,0.9375,0.0943,8,0.0,5.9,37.2,39.5,54.2,63.90000000000001,87.60000000000002,113.9,180.0,0,11,65,21,0,0,0,0,0,1,0,0,0,0,0.19399999999999998
882,20080818,2.4730000000000003,12.033,71.95833333333333,0.0,98.87700000000001,204.104,96.448625,1.4014627233000978,29.3457,-0.894438,0.925,0.0924,8,0.0,0.0,16.700000000000006,39.5,40.6,63.7,87.60000000000002,110.8,180.0,0,11,65,21,0,0,0,0,0,1,0,0,0,0,0.184
883,20080819,3.458,8.704,88.54166666666669,7.5,97.965,19.813,-16.7019565217,0.7253689838302249,-7.58125,2.61915,0.9125,0.0905,8,7.5,7.5,13.4,44.7,47.0,71.2,82.2,118.3,180.0,0,11,65,21,0,0,0,0,0,1,0,0,0,0,0.18899999999999997
884,20080820,1.444,10.245999999999999,98.45833333333331,3.7,97.445,53.688,17.7059791667,0.6326347691003033,0.9383299999999999,-5.7047300000000005,0.9,0.0886,8,11.2,11.2,11.2,27.9,50.7,74.9,75.60000000000002,104.7,180.0,0,11,65,21,0,0,0,0,0,1,0,0,0,0,0.191
885,20080821,1.084,14.046,93.20833333333331,0.0,97.28299999999999,89.25,37.4415833333,0.9821366911821992,6.31719,3.08454,0.9,0.0845,8,3.7,11.2,11.2,17.1,50.7,74.9,75.60000000000002,102.4,180.0,0,11,65,21,0,0,0,0,0,1,0,0,0,0,0.203
886,20080822,1.165,13.149000000000001,89.97916666666669,0.0,97.12299999999999,123.75,61.0855208333,1.0167071751484331,16.5136,8.82552,0.9,0.0804,8,0.0,3.7,11.2,11.2,48.40000000000001,65.4,75.10000000000002,102.4,180.0,0,11,65,21,0,0,0,0,0,1,0,0,0,0,0.166
887,20080823,2.371,11.462,97.10416666666669,17.2,97.52799999999999,43.177,1.7110625,0.6757398853767467,-1.02441,6.40425,0.9,0.0763,8,17.2,17.2,28.4,28.4,45.1,68.99999999999999,92.09999999999998,119.59999999999998,180.0,0,11,65,21,0,0,0,0,0,1,0,0,0,0,0.166
888,20080824,2.201,9.662,95.79166666666669,5.1,98.31700000000001,50.333,6.422333333330001,0.8379620975173295,-2.92191,-0.0460417,0.9,0.0722,8,22.3,22.3,26.0,33.5,39.4,73.0,97.2,121.1,180.0,0,11,65,21,0,0,0,0,0,1,0,0,0,0,0.23199999999999998
889,20080825,0.8390000000000001,10.513,90.41666666666669,0.0,98.706,44.615,12.9600625,0.4896357081089836,2.84833,-1.54731,0.9,0.06810000000000001,8,5.1,22.3,22.3,33.5,33.5,73.0,97.2,121.1,180.0,0,11,65,21,0,0,0,0,0,1,0,0,0,0,0.17500000000000002
890,20080826,1.1079999999999999,9.12,81.6875,0.0,98.499,75.781,34.277375,0.7114445468049847,10.3007,0.294688,0.9,0.064,8,0.0,5.1,22.3,26.0,33.5,73.0,97.2,121.1,180.0,0,11,65,21,0,0,0,0,0,1,0,0,0,0,0.204
891,20080827,0.755,8.482999999999999,86.35416666666669,0.0,98.06700000000001,49.146,9.00625,0.5203868748829311,2.42975,-0.768771,0.9,0.0599,8,0.0,0.0,22.3,22.3,33.5,70.7,87.69999999999996,121.1,180.0,0,11,65,21,0,0,0,0,0,1,0,0,0,0,0.2
892,20080828,1.274,8.457,82.72916666666667,0.0,97.663,139.812,54.504106383,0.8243260646008564,21.1201,-2.72375,0.9,0.0558,8,0.0,0.0,5.1,22.3,33.5,50.2,74.1,121.1,180.0,0,11,65,21,0,0,0,0,0,1,0,0,0,0,0.226
893,20080829,2.785,7.987,85.95833333333331,0.4,97.831,108.698,38.8512291667,0.8664478221804559,16.0651,-2.09485,0.8875000000000001,0.0565375,8,0.4,0.4,0.4,22.7,26.4,39.8,73.39999999999998,108.59999999999998,180.0,0,11,65,21,0,0,0,0,0,1,0,0,0,0,0.21600000000000005
894,20080830,3.205,5.403,79.10416666666667,0.5,98.637,118.271,24.7247083333,0.8325743705592769,17.6398,-0.963354,0.875,0.057275,8,0.9,0.9,0.9,6.0,23.2,34.4,73.89999999999998,98.79999999999998,180.0,0,11,65,21,0,0,0,0,0,1,0,0,0,0,0.19899999999999998
895,20080831,3.6910000000000003,5.6560000000000015,71.97916666666667,0.0,98.774,151.94799999999995,45.7416666667,0.8994880421392902,23.2449,-7.0259199999999975,0.8625,0.0580125,8,0.5,0.9,0.9,0.9,23.2,34.4,73.89999999999998,98.79999999999998,180.0,0,11,65,21,0,0,0,0,0,1,0,0,0,0,0.266
896,20080901,3.839,3.324,82.6875,2.4,97.96700000000001,93.406,2.11077083333,0.6001108163993183,13.1707,-7.07342,0.8500000000000001,0.05875,9,2.4,2.9,3.3,3.3,25.6,36.8,74.0,100.7,180.0,0,11,65,21,0,0,0,0,0,1,0,0,0,0,0.184
897,20080902,2.7089999999999996,3.7960000000000003,83.41666666666667,0.0,97.34200000000001,120.333,34.084291666700004,0.6648420418906842,19.2913,-9.73281,0.8375,0.05948750000000001,9,2.4,2.4,3.3,3.3,8.399999999999999,36.8,53.5,100.5,180.0,0,11,65,21,0,0,0,0,0,1,0,0,0,0,0.19399999999999998
898,20080903,1.9,6.881,82.54166666666667,7.0,96.675,101.646,37.9463958333,0.5896835446220762,13.0995,-5.34781,0.8250000000000001,0.060225,9,7.0,9.4,9.9,10.3,10.3,36.3,49.7,107.5,180.0,0,11,65,21,0,0,0,0,0,1,0,0,0,0,0.21
899,20080904,3.48,9.516,92.22916666666669,6.3,95.633,68.32300000000001,4.44922916667,1.4657693838610673,-17.2411,0.578063,0.8125,0.0609625,9,13.3,13.3,15.7,16.6,16.6,38.90000000000001,50.10000000000001,113.8,180.0,0,11,65,21,0,0,0,0,0,1,0,0,0,0,0.208
900,20080905,1.136,6.874,81.0625,0.0,96.762,157.542,45.995020833299996,0.8322089247328861,16.1174,4.1815,0.8,0.06170000000000001,9,6.3,13.3,15.7,16.200000000000006,16.6,38.90000000000001,50.10000000000001,113.8,180.0,0,11,65,21,0,0,0,0,0,1,0,0,0,0,0.18600000000000005
901,20080906,1.734,4.397,80.35416666666667,0.2,97.419,154.406,41.8560208333,0.7896698651202935,23.0526,-5.27108,0.7875000000000001,0.0566,9,0.2,6.5,13.5,15.9,16.799999999999994,39.1,50.3,104.5,180.0,0,11,65,21,0,0,0,0,0,1,0,0,0,0,0.18600000000000005
902,20080907,0.795,4.9430000000000005,85.27083333333333,0.2,98.17399999999999,76.885,14.9937916667,0.4730274696939972,8.2178,-7.8483300000000025,0.775,0.0515,9,0.4,0.4,13.7,16.099999999999998,16.999999999999996,22.099999999999994,50.5,91.1,180.0,0,11,65,21,0,0,0,0,0,1,0,0,0,0,0.209
903,20080908,1.405,6.4170000000000025,85.70833333333333,0.7,98.74799999999999,84.28399999999998,14.451354166700002,0.4827678695048448,7.3235100000000015,-2.59058,0.7625000000000001,0.0464,9,0.8999999999999999,1.1,7.399999999999999,14.4,17.299999999999994,17.699999999999996,43.7,90.7,180.0,0,11,65,21,0,0,0,0,0,1,0,0,0,0,0.209
904,20080909,0.716,4.004,85.91666666666669,0.2,99.552,110.969,26.051458333299998,0.3953984502743639,14.2811,0.193708,0.75,0.0413,9,0.8999999999999999,1.1,1.2999999999999998,14.6,17.0,17.9,40.2,90.9,180.0,0,11,65,21,0,0,0,0,0,1,0,0,0,0,0.19899999999999998
905,20080910,1.097,6.028,81.02083333333333,0.0,99.74700000000001,57.813,16.6048541667,0.42650229010289387,4.21862,-6.04542,0.7375,0.0362,9,0.2,0.8999999999999999,1.2999999999999998,7.6,17.0,17.9,40.2,90.9,180.0,0,11,65,21,0,0,0,0,0,1,0,0,0,0,0.17
906,20080911,0.8809999999999999,6.721,75.39583333333333,0.0,99.98700000000001,57.313,16.5781666667,0.4694334952705845,2.63406,0.447542,0.7250000000000001,0.031100000000000006,9,0.0,0.2,1.1,1.2999999999999998,14.6,17.9,40.2,88.60000000000002,180.0,0,11,65,21,0,0,0,0,0,1,0,0,0,0,0.196
907,20080912,1.9980000000000002,5.859,73.5625,0.0,100.148,104.896,19.3585208333,0.4345623113519361,9.0176,1.2060799999999998,0.7125,0.026000000000000002,9,0.0,0.0,0.8999999999999999,1.2999999999999998,14.6,17.9,23.0,68.10000000000001,180.0,0,11,65,21,0,0,0,0,0,1,0,0,0,0,0.193
908,20080913,1.192,5.4979999999999976,80.0625,0.0,100.118,81.26,20.0485625,0.3113581912741729,7.3535,-3.41779,0.7000000000000001,0.0209,9,0.0,0.0,0.2,1.1,7.6,17.5,17.9,57.3,180.0,0,11,65,21,0,0,0,0,0,1,0,0,0,0,0.172
909,20080914,0.485,5.785,84.33333333333333,0.0,100.37799999999999,26.958000000000002,-3.77554166667,0.21534064686874466,0.511293,-2.2440599999999997,0.7000000000000001,0.02145,9,0.0,0.0,0.0,0.8999999999999999,1.2999999999999998,17.0,17.9,51.40000000000001,180.0,0,11,65,21,0,0,0,0,0,1,0,0,0,0,0.203
910,20080915,1.2,4.364,79.1875,0.0,100.305,47.052,-4.338125,0.2538493353776093,2.0420700000000003,-0.773937,0.7000000000000001,0.022000000000000002,9,0.0,0.0,0.0,0.2,1.2999999999999998,17.0,17.9,51.40000000000001,180.0,0,11,65,21,0,0,0,0,0,1,0,0,0,0,0.198
911,20080916,0.708,4.18,87.10416666666669,0.0,100.09200000000001,97.77600000000001,19.6665531915,0.06645437476361328,2.60954,-3.18958,0.7000000000000001,0.02255,9,0.0,0.0,0.0,0.0,1.1,14.6,17.9,51.40000000000001,180.0,0,11,65,21,0,0,0,0,0,1,0,0,0,0,0.204
912,20080917,1.124,5.052,82.70833333333333,0.0,99.887,23.99,-3.23114583333,0.019723747987340785,-0.0189144,-3.78021,0.7000000000000001,0.0231,9,0.0,0.0,0.0,0.0,0.8999999999999999,14.6,17.9,51.40000000000001,180.0,0,11,65,21,0,0,0,0,0,1,0,0,0,0,0.204
913,20090303,3.2239999999999998,-5.03,88.02083333333331,0.3,97.36200000000001,16.958,3.14733333333,0.01570482830850061,2.81772,-2.9182799999999998,0.1,0.0143125,3,2.1,2.3000000000000003,2.3000000000000003,2.3000000000000003,5.1000000000000005,6.5,6.9,25.3,180.0,0,11,65,21,0,0,0,0,0,1,0,0,0,0,0.22899999999999998
914,20090304,2.524,-4.165,91.875,0.0,97.80799999999999,22.781,5.4050625,0.017732600565276053,2.96563,-2.85121,0.1,0.014075,3,0.3,2.1,2.3000000000000003,2.3000000000000003,5.1000000000000005,6.5,6.9,25.3,180.0,0,11,65,21,0,0,0,0,0,1,0,0,0,0,0.22899999999999998
915,20090305,1.367,-4.1160000000000005,92.25,0.0,98.456,18.448,6.3099166666699995,0.014441397329744057,3.34396,-2.88713,0.1,0.0138375,3,0.0,0.3,2.3000000000000003,2.3000000000000003,4.1000000000000005,6.5,6.7,25.1,180.0,0,11,65,21,0,0,0,0,0,1,0,0,0,0,0.22899999999999998
916,20090306,1.3119999999999998,-3.299,79.16666666666667,0.0,98.689,50.083,8.72977083333,0.014712696507881031,2.86689,-2.9182799999999998,0.1,0.0136,3,0.0,0.0,2.1,2.3000000000000003,2.3000000000000003,6.5,6.5,23.3,180.0,0,11,65,21,0,0,0,0,0,1,0,0,0,0,0.22899999999999998
917,20090307,2.401,-4.253,75.47916666666667,0.0,98.50200000000001,29.771,0.424479166667,0.02582703231472408,3.97919,-2.85121,0.1,0.0136375,3,0.0,0.0,0.3,2.3000000000000003,2.3000000000000003,5.1000000000000005,6.5,23.3,180.0,0,11,65,21,0,0,0,0,0,1,0,0,0,0,0.22899999999999998
918,20090308,2.233,-5.664,78.08333333333333,0.0,98.102,32.635,4.9894375,0.02873214658342043,5.589519999999999,-2.88713,0.1,0.013675,3,0.0,0.0,0.0,2.1,2.3000000000000003,5.1000000000000005,6.5,22.9,180.0,0,11,65,21,0,0,0,0,0,1,0,0,0,0,0.22899999999999998
919,20090309,2.5,-8.298,85.14583333333333,0.0,97.917,44.198,14.920125,0.021894773953118698,7.9947399999999975,-2.9182799999999998,0.1,0.0137125,3,0.0,0.0,0.0,0.3,2.3000000000000003,5.1000000000000005,6.5,21.8,180.0,0,11,65,21,0,0,0,0,0,1,0,0,0,0,0.22899999999999998
920,20090310,2.303,-8.763,77.125,0.0,98.074,85.833,11.37175,0.015916095993764697,8.423960000000001,-2.85121,0.1,0.01375,3,0.0,0.0,0.0,0.0,2.3000000000000003,4.1000000000000005,6.5,12.6,180.0,0,11,65,21,0,0,0,0,0,1,0,0,0,0,0.22899999999999998
921,20090311,1.247,-12.988,77.64583333333333,0.0,98.395,60.343999999999994,9.109104166669999,0.026715608596421102,6.05647,-2.88713,0.1,0.0137875,3,0.0,0.0,0.0,0.0,2.1,2.3000000000000003,6.5,7.7,180.0,0,11,65,21,0,0,0,0,0,1,0,0,0,0,0.22899999999999998
922,20090312,2.219,-6.234,78.10416666666667,0.0,98.277,73.01,24.7040208333,0.029016820107987583,10.1896,-2.9182799999999998,0.1,0.013825,3,0.0,0.0,0.0,0.0,0.3,2.3000000000000003,5.1000000000000005,6.9,180.0,0,11,65,21,0,0,0,0,0,1,0,0,0,0,0.22899999999999998
923,20090313,3.218,-2.04,84.95833333333333,0.0,97.759,30.438000000000002,5.37027083333,0.07555169386819442,9.03717,-2.85121,0.1,0.0138625,3,0.0,0.0,0.0,0.0,0.0,2.3000000000000003,5.1000000000000005,6.9,180.0,0,11,65,21,0,0,0,0,0,1,0,0,0,0,0.22899999999999998
924,20090314,2.1719999999999997,-1.063,88.97916666666669,0.7,97.885,27.135,-2.308875,0.08508737540970264,8.58565,-2.88713,0.1,0.0139,3,0.7,0.7,0.7,0.7,0.7,3.0,5.8,7.6,180.0,0,11,65,21,0,0,0,0,0,1,0,0,0,0,0.22899999999999998
925,20090315,1.635,-0.195,91.95833333333331,0.0,98.507,30.541999999999998,7.345166666669999,0.08782975419164016,8.75403,-2.9182799999999998,0.1,0.013325,3,0.7,0.7,0.7,0.7,0.7,3.0,4.8,7.399999999999999,180.0,0,11,65,21,0,0,0,0,0,1,0,0,0,0,0.22899999999999998
926,20090316,3.3819999999999997,-0.966,92.75,0.9,97.87799999999999,42.146,-1.940875,0.17270094360227925,12.468,-2.85121,0.1,0.01275,3,0.9,1.6,1.6,1.6,1.6,3.7,3.9,8.1,180.0,0,11,65,21,0,0,0,0,0,1,0,0,0,0,0.22899999999999998
927,20090318,2.38,-4.725,72.33333333333333,0.2,98.29799999999999,105.479,20.489,0.0950338731719011,17.179000000000002,-2.9182799999999998,0.1,0.0116,3,0.2,1.1,1.8,1.8,1.8,1.8,4.1000000000000005,8.3,180.0,0,11,65,21,0,0,0,0,0,1,0,0,0,0,0.22899999999999998
928,20090319,3.234,-6.654,67.33333333333333,2.5,98.84299999999999,98.125,13.0289166667,0.10267291606683374,20.0506,-2.85121,0.1,0.011025,3,2.7,2.7,3.6,4.3,4.3,4.3,6.6,10.8,180.0,0,11,65,21,0,0,0,0,0,1,0,0,0,0,0.22899999999999998
929,20090320,5.657,-0.941,70.41666666666667,0.2,97.139,96.677,3.081625,0.15505439773352273,17.0966,-2.88713,0.1,0.01045,3,2.7,2.9000000000000004,3.8,4.5,4.5,4.5,6.8,11.0,180.0,0,11,65,21,0,0,0,0,0,1,0,0,0,0,0.22899999999999998
930,20090321,3.9410000000000003,-3.188,73.14583333333333,0.0,97.60799999999999,102.25,3.3801875,0.14012098379985646,19.1043,-2.9182799999999998,0.1,0.009875,3,0.2,2.7,2.9000000000000004,3.8,4.5,4.5,6.6,11.0,180.0,0,11,65,21,0,0,0,0,0,1,0,0,0,0,0.221
931,20090322,2.918,-6.284,73.35416666666667,0.0,97.42,113.802,17.8738333333,0.07412404506675888,18.8804,-2.85121,0.1,0.0093,3,0.0,0.2,2.9000000000000004,3.8,4.5,4.5,4.8,9.6,180.0,0,11,65,21,0,0,0,0,0,1,0,0,0,0,0.221
932,20090324,2.873,-9.166,70.3125,0.0,96.7,114.979,27.310659574499997,0.04591796827583892,20.9471,-2.9182799999999998,0.125,0.009000000000000001,3,0.2,0.2,0.4,3.1,4.0,4.7,4.7,9.8,180.0,0,11,65,21,0,0,0,0,0,1,0,0,0,0,0.22899999999999998
933,20090325,1.71,-12.49,68.10416666666667,0.3,97.23899999999999,143.375,33.183166666700004,0.0426265056078205,27.024,-2.85121,0.1375,0.00885,3,0.3,0.5,0.5,3.2,4.300000000000002,5.000000000000001,5.000000000000001,9.1,180.0,0,11,65,21,0,0,0,0,0,1,0,0,0,0,0.22899999999999998
934,20090509,2.5469999999999997,7.015,83.04166666666667,6.5,97.495,99.646,37.25,0.6363863492273588,9.531139999999999,-2.85121,0.8,0.031,5,7.7,12.3,14.7,16.400000000000002,16.400000000000002,19.6,20.200000000000006,24.9,180.0,0,11,65,21,0,0,0,0,0,1,0,0,0,0,0.18600000000000005
935,20090510,3.611,7.8610000000000015,77.08333333333333,9.4,97.07,208.486,108.104166667,1.6457915982304978,36.1013,-2.88713,0.8250000000000001,0.032575,5,15.9,17.1,24.1,24.1,25.8,29.0,29.6,33.5,180.0,0,11,65,21,0,0,0,0,0,1,0,0,0,0,0.193
936,20090511,2.677,7.148,64.77083333333333,0.0,97.853,227.80200000000002,100.958333333,1.0716719589823398,53.0009,-2.9182799999999998,0.8500000000000001,0.03415,5,9.4,15.9,21.70000000000001,24.1,25.8,29.0,29.6,33.5,180.0,0,11,65,21,0,0,0,0,0,1,0,0,0,0,0.188
937,20090512,3.0789999999999997,6.4170000000000025,68.52083333333333,0.0,98.678,189.365,83.125,0.8022729921293887,51.8645,-2.85121,0.875,0.035725,5,0.0,9.4,17.1,24.1,25.8,29.0,29.6,33.5,180.0,0,11,65,21,0,0,0,0,0,1,0,0,0,0,0.19899999999999998
938,20090514,2.7060000000000004,6.751,60.89583333333334,0.0,99.833,283.115,143.72916666700002,0.7386330048219444,80.2495,-2.9182799999999998,0.925,0.038875,5,0.5,0.5,9.9,17.599999999999994,24.599999999999994,26.299999999999994,29.5,33.99999999999999,180.0,0,11,65,21,0,0,0,0,0,1,0,0,0,0,0.18600000000000005
939,20090515,2.738,6.733,73.35416666666667,0.0,99.52799999999999,177.128,92.4791666667,0.6365281654427539,55.7518,-2.85121,0.95,0.04045,5,0.0,0.5,0.5,16.4,24.599999999999994,26.299999999999994,29.5,33.99999999999999,180.0,0,11,65,21,0,0,0,0,0,1,0,0,0,0,0.18600000000000005
940,20090516,1.324,6.712999999999999,71.39583333333333,0.0,99.56700000000001,195.979,99.5208333333,0.7424843459488081,65.4115,-2.88713,0.975,0.042025,5,0.0,0.0,0.5,9.9,22.2,26.299999999999994,29.5,33.99999999999999,180.0,0,11,65,21,0,0,0,0,0,1,0,0,0,0,0.192
941,20090517,1.454,12.265,52.72916666666666,0.0,99.319,306.9790000000001,155.14583333299998,1.048238143506947,74.2752,-2.9182799999999998,1.0,0.0436,5,0.0,0.0,0.5,0.5,17.599999999999994,26.299999999999994,29.5,31.099999999999994,180.0,0,11,65,21,0,0,0,0,0,1,0,0,0,0,0.222
942,20090518,2.575,7.38,64.14583333333333,0.0,99.104,257.031,129.625,0.7890056408245626,73.1507,-2.85121,1.025,0.0471,5,0.0,0.0,0.0,0.5,16.4,24.599999999999994,26.699999999999992,31.099999999999994,180.0,0,11,65,21,0,0,0,0,0,1,0,0,0,0,0.217
943,20090519,2.824,3.2460000000000004,81.39583333333333,0.0,99.109,92.604,31.5,0.8500061096005117,37.863,-2.88713,1.05,0.0506,5,0.0,0.0,0.0,0.5,9.9,24.599999999999994,26.299999999999994,30.099999999999994,180.0,0,11,65,21,0,0,0,0,0,1,0,0,0,0,0.217
944,20090520,2.424,8.463,67.04166666666667,0.6,98.56299999999999,226.53900000000002,122.208333333,1.1510696966952896,58.9922,-2.9182799999999998,1.075,0.0541,5,0.6,0.6,0.6,0.6,1.1,25.2,26.899999999999995,30.7,180.0,0,11,65,21,0,0,0,0,0,1,0,0,0,0,0.222
945,20090521,1.976,10.186,74.6875,3.1,98.135,192.46900000000002,101.229166667,1.009028631426445,41.1705,-2.85121,1.1,0.05760000000000001,5,3.7,3.7,3.7,3.7,4.2,25.9,30.0,33.8,180.0,0,11,65,21,0,0,0,0,0,1,0,0,0,0,0.222
946,20090522,1.3869999999999998,9.986,83.52083333333333,1.9,97.976,195.0,103.354166667,1.4045089037655265,28.3305,-2.88713,1.125,0.0611,5,5.0,5.6,5.6,5.6,6.1,23.2,31.899999999999995,35.7,180.0,0,11,65,21,0,0,0,0,0,1,0,0,0,0,0.204
947,20090523,1.8769999999999998,11.057,74.9375,3.2,97.88,182.15099999999998,100.125,1.2976546709767465,33.2599,-2.9182799999999998,1.15,0.0646,5,5.1,8.2,8.799999999999997,8.799999999999997,8.799999999999997,25.2,33.4,38.9,180.0,0,11,65,21,0,0,0,0,0,1,0,0,0,0,0.204
948,20090524,2.123,9.197000000000001,87.33333333333331,8.9,97.694,150.667,93.4375,1.1997319783849356,27.4065,-2.85121,1.175,0.06810000000000001,5,12.1,14.000000000000002,17.700000000000006,17.700000000000006,17.700000000000006,27.6,42.3,47.2,180.0,0,11,65,21,0,0,0,0,0,1,0,0,0,0,0.204
949,20090525,1.831,8.254,81.1875,1.6,97.58,132.958,63.3125,1.33968106165378,17.3432,-2.88713,1.2000000000000002,0.0716,5,10.5,13.7,18.7,19.3,19.3,19.8,43.90000000000001,48.8,180.0,0,11,65,21,0,0,0,0,0,1,0,0,0,0,0.281
950,20090527,2.452,6.797999999999999,91.47916666666669,9.1,96.738,53.229,-4.14583333333,0.9543001350374494,-11.3767,-2.85121,1.25,0.073575,5,9.3,10.9,23.0,28.0,28.6,29.1,46.2,58.1,180.0,0,11,65,21,0,0,0,0,0,1,0,0,0,0,0.243
951,20090528,4.948,5.4510000000000005,80.70833333333333,7.6,96.305,117.302,17.5208333333,1.2478018037151848,0.850907,-2.88713,1.275,0.0745625,5,16.7,16.9,27.4,32.5,36.2,36.2,52.6,62.90000000000001,180.0,0,11,65,21,0,0,0,0,0,1,0,0,0,0,0.29600000000000004
952,20090529,3.96,8.805,57.52083333333334,0.0,98.902,238.86700000000002,108.8125,1.7851888371501292,42.4474,-2.9182799999999998,1.3,0.07555,5,7.6,16.7,18.5,30.6,36.2,36.2,46.1,62.50000000000001,180.0,0,11,65,21,0,0,0,0,0,1,0,0,0,0,0.281
953,20090530,4.372,14.904000000000002,53.85416666666666,0.0,99.47200000000001,238.102,111.104166667,1.4639512271771766,45.7465,-2.85121,1.3250000000000002,0.07653750000000001,5,0.0,7.6,16.9,27.4,35.6,36.2,36.7,62.50000000000001,180.0,0,11,65,21,0,0,0,0,0,1,0,0,0,0,0.264
954,20090531,4.218,17.983,45.60416666666666,0.0,99.1,260.97900000000004,128.29166666700002,1.507093328236958,55.9483,-2.88713,1.35,0.07752500000000001,5,0.0,0.0,16.7,18.5,32.5,36.2,36.7,62.50000000000001,180.0,0,11,65,21,0,0,0,0,0,1,0,0,0,0,0.281
955,20090601,4.933,10.201,45.79166666666666,0.0,98.609,233.57299999999998,98.5208333333,1.6933547402970708,48.8744,-2.9182799999999998,1.375,0.0785125,6,0.0,0.0,7.6,16.9,30.6,36.2,36.7,62.50000000000001,180.0,0,11,65,21,0,0,0,0,0,1,0,0,0,0,0.28
956,20090602,1.806,6.84,61.72916666666666,0.3,98.09700000000001,209.42700000000002,94.8333333333,1.3797518726629454,53.8341,-2.85121,1.4,0.0795,6,0.3,0.3,0.3,17.0,27.70000000000001,36.50000000000001,36.50000000000001,61.10000000000001,180.0,0,11,65,21,0,0,0,0,0,1,0,0,0,0,0.21899999999999997
957,20090603,2.7889999999999997,7.35,71.27083333333333,2.5,97.725,211.247,102.041666667,1.6219181613647573,46.64100000000001,-2.88713,1.425,0.08332500000000001,6,2.8,2.8,2.8,10.4,21.3,39.00000000000001,39.00000000000001,63.60000000000001,180.0,0,11,65,21,0,0,0,0,0,1,0,0,0,0,0.207
958,20090604,3.824,4.908,59.91666666666666,0.2,97.789,269.563,132.16666666700002,1.1637310050003695,95.649,-2.9182799999999998,1.4500000000000002,0.08715,6,2.7,3.0,3.0,3.0,19.9,38.6,39.2,63.8,180.0,0,11,65,21,0,0,0,0,0,1,0,0,0,0,0.21899999999999997
959,20090606,2.439,3.237,71.04166666666667,0.5,97.92200000000001,141.22899999999996,77.1041666667,0.9964712233277164,61.6731,-2.88713,1.5,0.0948,6,0.8,1.0,3.8,3.8,11.4,34.40000000000001,40.00000000000001,57.60000000000001,180.0,0,11,65,21,0,0,0,0,0,1,0,0,0,0,0.23399999999999999
960,20090607,1.7180000000000002,4.612,60.70833333333334,0.3,98.15700000000001,169.173,90.25,1.0148262469611335,63.828,-2.9182799999999998,1.525,0.098625,6,0.8,1.1,3.8,4.1,4.1,31.5,40.3,56.7,180.0,0,11,65,21,0,0,0,0,0,1,0,0,0,0,0.22399999999999998
961,20090608,1.365,7.657999999999999,57.97916666666666,0.0,98.251,209.81799999999998,117.333333333,1.1541534970917309,56.4293,-2.85121,1.55,0.10245,6,0.3,0.8,1.3,4.1,4.1,22.6,40.3,50.2,180.0,0,11,65,21,0,0,0,0,0,1,0,0,0,0,0.221
962,20090610,2.275,13.679,45.35416666666666,0.0,98.54299999999999,285.047,151.25,1.7739238906453303,65.0409,-2.9182799999999998,1.6,0.1101,6,2.1,2.1,2.9,3.4,6.2,22.9,38.7,42.90000000000001,180.0,0,11,65,21,0,0,0,0,0,1,0,0,0,0,0.225
963,20090611,2.042,13.167,69.4375,0.7,98.116,198.49900000000002,106.395833333,1.6032823084107928,39.9449,-2.85121,1.6125,0.1172625,6,0.7,2.8,3.1,3.9,6.9,14.5,37.50000000000001,43.60000000000001,180.0,0,11,65,21,0,0,0,0,0,1,0,0,0,0,0.209
964,20090612,2.438,11.794,84.02083333333333,0.6,98.367,152.92700000000005,84.375,1.2706109430179322,35.7828,-2.88713,1.625,0.124425,6,1.2999999999999998,1.2999999999999998,3.4,4.199999999999998,7.1999999999999975,7.499999999999999,34.9,43.7,180.0,0,11,65,21,0,0,0,0,0,1,0,0,0,0,0.187
965,20090613,3.071,12.376,71.64583333333333,2.4,98.891,207.42700000000002,120.979166667,1.3857745599645064,55.1149,-2.9182799999999998,1.6375000000000002,0.1315875,6,3.0,3.7,5.8000000000000025,6.1000000000000005,7.1000000000000005,9.900000000000002,28.4,46.10000000000001,180.0,0,11,65,21,0,0,0,0,0,1,0,0,0,0,0.185
966,20090614,2.992,12.492,90.29166666666669,6.1,98.177,70.49,30.0,1.2421464307660468,-7.33148,-2.85121,1.65,0.13875,6,8.5,9.1,9.8,11.9,13.0,16.0,32.90000000000001,52.20000000000001,180.0,0,11,65,21,0,0,0,0,0,1,0,0,0,0,0.196
967,20090615,2.263,15.280999999999999,78.04166666666667,6.3,97.176,192.63,107.255319149,2.156535254431372,24.7803,-2.88713,1.6625,0.1459125,6,12.4,14.8,16.099999999999998,18.2,19.0,22.3,39.0,58.50000000000001,180.0,0,11,65,21,0,0,0,0,0,1,0,0,0,0,0.183
968,20090616,2.467,10.49,90.35416666666669,4.4,97.005,115.025,41.5208333333,1.210788874175011,22.2362,-2.9182799999999998,1.675,0.15307500000000002,6,10.7,16.799999999999994,19.8,20.5,22.9,26.7,34.3,62.90000000000001,180.0,0,11,65,21,0,0,0,0,0,1,0,0,0,0,0.184
969,20090617,2.815,8.142999999999999,75.64583333333333,1.1,98.177,175.167,87.3541666667,1.1633641520268772,51.6211,-2.85121,1.6875,0.1602375,6,5.5,11.8,20.3,21.6,23.7,27.5,27.8,64.0,180.0,0,11,65,21,0,0,0,0,0,1,0,0,0,0,0.18899999999999997
970,20090619,3.424,7.9570000000000025,64.875,0.0,97.589,175.115,101.083333333,1.0999891255716203,57.1437,-2.9182799999999998,1.7000000000000002,0.16967500000000002,6,0.0,1.1,11.8,20.3,21.6,24.8,27.8,63.40000000000001,180.0,0,11,65,21,0,0,0,0,0,1,0,0,0,0,0.226
971,20090620,2.885,7.6320000000000014,61.5,0.0,97.65100000000001,163.76,92.0208333333,1.1668242118609065,50.8361,-2.85121,1.7000000000000002,0.17195000000000002,6,0.0,0.0,5.5,17.9,21.6,24.5,27.8,60.3,180.0,0,11,65,21,0,0,0,0,0,1,0,0,0,0,0.228
972,20090621,2.88,8.491,58.41666666666666,0.0,98.49600000000001,195.67700000000002,100.375,1.1910485552317849,58.0152,-2.88713,1.7000000000000002,0.17422500000000002,6,0.0,0.0,1.1,11.8,20.9,24.0,27.8,58.40000000000001,180.0,0,11,65,21,0,0,0,0,0,1,0,0,0,0,0.19
973,20090622,2.1590000000000003,12.378,59.70833333333334,1.0,99.245,238.208,139.40909090899999,1.5524249443309606,59.3679,-2.9182799999999998,1.7000000000000002,0.17650000000000002,6,1.0,1.0,1.0,6.5,21.3,24.7,28.5,56.2,180.0,0,11,65,21,0,0,0,0,0,1,0,0,0,0,0.228
974,20090623,1.8969999999999998,15.468,62.83333333333334,0.2,99.40700000000001,249.229,134.95833333299998,1.667661061471299,56.5727,-2.85121,1.7000000000000002,0.17877500000000002,6,1.2,1.2,1.2,2.3,19.1,24.9,26.20000000000001,47.50000000000001,180.0,0,11,65,21,0,0,0,0,0,1,0,0,0,0,0.264
975,20090624,1.368,16.579,58.375,0.0,99.679,236.46900000000002,117.875,1.6256926599618131,48.1816,-2.88713,1.7000000000000002,0.18105,6,0.2,1.2,1.2,1.2,13.0,22.8,26.000000000000004,45.90000000000001,180.0,0,11,65,21,0,0,0,0,0,1,0,0,0,0,0.25
976,20090625,2.855,19.503,48.08333333333334,0.0,99.639,281.885,143.16666666700002,1.5405556694456968,56.9752,-2.9182799999999998,1.7000000000000002,0.183325,6,0.0,0.2,1.2,1.2,6.7,22.8,25.70000000000001,45.7,180.0,0,11,65,21,0,0,0,0,0,1,0,0,0,0,0.247
977,20090626,1.9380000000000002,18.813,48.20833333333334,0.0,99.794,345.10400000000016,186.77083333299998,1.7665457274830392,89.4484,-2.85121,1.7000000000000002,0.1856,6,0.0,0.0,1.2,1.2,2.3,22.1,25.20000000000001,36.6,180.0,0,11,65,21,0,0,0,0,0,1,0,0,0,0,0.184
978,20090627,2.5780000000000003,17.901,62.02083333333334,1.6,99.181,248.865,137.311111111,1.6246784904351004,45.187,-2.88713,1.6875,0.179975,6,1.6,1.6,1.8,2.8,2.8,23.1,26.500000000000004,30.600000000000005,180.0,0,11,65,21,0,0,0,0,0,1,0,0,0,0,0.192
979,20090628,2.275,12.069,69.60416666666667,0.0,99.296,177.229,88.5208333333,0.9852914291813324,43.9413,-2.9182799999999998,1.675,0.17435,6,1.6,1.6,1.6,2.8,2.8,20.700000000000006,26.500000000000004,30.600000000000005,180.0,0,11,65,21,0,0,0,0,0,1,0,0,0,0,0.213
980,20090629,1.4240000000000002,12.853,52.4375,0.0,99.63600000000001,324.563,166.72916666700002,1.5999967670071331,87.3498,-2.85121,1.6625,0.168725,6,0.0,1.6,1.6,1.8,2.8,14.6,24.4,30.600000000000005,180.0,0,11,65,21,0,0,0,0,0,1,0,0,0,0,0.14200000000000002
981,20090630,2.515,18.034000000000002,57.64583333333334,0.2,99.04299999999999,267.45599999999996,145.891304348,1.4751356777787836,52.5822,-2.88713,1.65,0.1631,6,0.2,0.2,1.8,1.8,3.0,8.5,24.6,30.8,180.0,0,11,65,21,0,0,0,0,0,1,0,0,0,0,0.185
982,20090701,2.408,17.229,62.125,0.0,98.64200000000001,231.622,117.468085106,1.43546347703302,49.8787,-2.9182799999999998,1.6375000000000002,0.157475,7,0.2,0.2,1.8,1.8,3.0,4.1,23.9,30.8,180.0,0,11,65,21,0,0,0,0,0,1,0,0,0,0,0.19399999999999998
983,20090702,3.674,11.390999999999998,51.89583333333334,0.0,98.912,292.063,148.9375,1.2493255478147698,74.55,-2.85121,1.625,0.15185,7,0.0,0.2,0.2,1.8,2.0,3.0,23.3,30.5,180.0,0,11,65,21,0,0,0,0,0,1,0,0,0,0,0.19699999999999998
984,20090703,3.602,6.2479999999999976,60.20833333333334,0.0,98.641,141.971,70.2708333333,0.9421147717731488,34.8284,-2.88713,1.6125,0.146225,7,0.0,0.0,0.2,1.8,1.8,3.0,20.9,28.0,180.0,0,11,65,21,0,0,0,0,0,1,0,0,0,0,0.141
985,20090704,3.989,6.059,76.22916666666667,0.9,98.008,153.92700000000005,70.75,1.081790048476727,41.2847,-2.9182799999999998,1.6,0.1406,7,0.9,0.9,1.1,1.1,2.7,3.9,15.7,28.7,180.0,0,11,65,21,0,0,0,0,0,1,0,0,0,0,0.168
986,20090705,2.4,6.785,77.0,1.4,98.01,112.656,51.9166666667,0.7501912531748461,24.3949,-2.85121,1.6125,0.14500000000000002,7,2.3,2.3,2.3,2.5,4.1,5.3,10.8,29.800000000000004,180.0,0,11,65,21,0,0,0,0,0,1,0,0,0,0,0.168
987,20090706,2.024,6.629,84.29166666666667,1.9,97.811,135.80200000000002,44.875,1.3011771692754606,23.9249,-2.88713,1.625,0.1494,7,3.3,4.2,4.2,4.4,6.0,7.2,8.3,31.20000000000001,180.0,0,11,65,21,0,0,0,0,0,1,0,0,0,0,0.153
988,20090707,1.787,8.277999999999999,80.97916666666667,2.6,97.884,187.28099999999998,77.6041666667,1.4812118431121435,34.056999999999995,-2.9182799999999998,1.6375000000000002,0.15380000000000002,7,4.5,5.9,6.8000000000000025,6.8000000000000025,7.000000000000001,8.8,9.8,33.5,180.0,0,11,65,21,0,0,0,0,0,1,0,0,0,0,0.14200000000000002
989,20090708,1.673,8.414,94.52083333333331,19.3,98.066,74.604,10.1458333333,0.7752752896401062,-3.02153,-2.85121,1.65,0.1582,7,21.9,23.8,26.1,26.1,26.3,27.9,29.1,52.8,180.0,0,11,65,21,0,0,0,0,0,1,0,0,0,0,0.14800000000000002
990,20090709,2.035,12.401,86.16666666666669,0.0,98.175,90.906,39.9166666667,1.1522601245588122,3.36375,-2.88713,1.6625,0.1626,7,19.3,21.9,25.2,26.1,26.3,27.9,29.1,50.7,180.0,0,11,65,21,0,0,0,0,0,1,0,0,0,0,0.21
991,20090710,2.364,14.77,88.08333333333331,15.8,98.06200000000001,131.476,66.5319148936,1.656937979308762,8.91398,-2.9182799999999998,1.675,0.16699999999999998,7,15.8,35.1,39.6,41.9,41.9,43.7,44.90000000000001,66.5,180.0,0,11,65,21,0,0,0,0,0,1,0,0,0,0,0.203
992,20090711,1.2990000000000002,17.758,66.77083333333333,0.0,98.259,279.972,164.85416666700002,2.4562682705267167,61.6989,-2.85121,1.6875,0.1714,7,15.8,15.8,37.7,41.0,41.9,43.7,44.90000000000001,65.8,180.0,0,11,65,21,0,0,0,0,0,1,0,0,0,0,0.212
993,20090712,1.297,16.745,60.5625,0.0,98.262,235.833,117.083333333,1.7934383384789832,41.1314,-2.88713,1.7000000000000002,0.1758,7,0.0,15.8,35.1,39.6,41.9,42.1,43.90000000000001,65.2,180.0,0,11,65,21,0,0,0,0,0,1,0,0,0,0,0.153
994,20090713,1.5919999999999999,17.785999999999994,67.95833333333333,0.2,98.23100000000001,214.792,128.446808511,1.7687826466086471,46.5314,-2.9182799999999998,1.7000000000000002,0.1758125,7,0.2,0.2,16.0,37.9,42.1,42.3,43.9,63.0,180.0,0,11,65,21,0,0,0,0,0,1,0,0,0,0,0.198
995,20090714,1.274,16.139,73.125,0.5,97.95700000000001,190.405,106.375,1.6886032446414752,41.6611,-2.85121,1.7000000000000002,0.175825,7,0.7,0.7,16.5,35.8,41.7,42.8,44.4,57.4,180.0,0,11,65,21,0,0,0,0,0,1,0,0,0,0,0.198
996,20090715,2.698,15.987,68.77083333333333,0.0,97.865,267.438,136.60416666700002,1.9759408310302653,61.6034,-2.88713,1.7000000000000002,0.1758375,7,0.5,0.7,0.7,16.5,40.3,42.6,44.4,51.1,180.0,0,11,65,21,0,0,0,0,0,1,0,0,0,0,0.2
997,20090716,1.2990000000000002,13.440999999999999,72.29166666666667,1.0,98.206,233.643,138.869565217,1.3623794354077674,65.4663,-2.9182799999999998,1.7000000000000002,0.17585,7,1.0,1.5,1.7,17.5,39.4,43.6,45.4,47.7,180.0,0,11,65,21,0,0,0,0,0,1,0,0,0,0,0.19699999999999998
998,20090717,2.46,12.365,75.60416666666667,1.1,97.664,201.604,97.375,1.3464747317348909,47.2771,-2.85121,1.7000000000000002,0.1758625,7,2.1,2.1,2.8000000000000003,2.8000000000000003,37.90000000000001,44.7,44.90000000000001,47.70000000000001,180.0,0,11,65,21,0,0,0,0,0,1,0,0,0,0,0.17800000000000002
999,20090718,3.1310000000000002,10.272,67.04166666666667,0.3,97.86,171.08900000000003,75.625,1.0225935164093276,36.0934,-2.88713,1.7000000000000002,0.175875,7,1.4,2.4000000000000004,2.9000000000000004,3.1000000000000005,18.9,45.0,45.2,48.00000000000001,180.0,0,11,65,21,0,0,0,0,0,1,0,0,0,0,0.19
1000,20090719,1.6669999999999998,10.8,70.77083333333333,0.7,98.182,176.53599999999997,79.0833333333,1.2338272974017181,33.879,-2.9182799999999998,1.7000000000000002,0.1758875,7,1.0,2.1,3.1,3.8,19.6,44.8,45.90000000000001,48.70000000000001,180.0,0,11,65,21,0,0,0,0,0,1,0,0,0,0,0.195
1001,20090720,1.696,12.274000000000001,77.16666666666667,0.5,97.60700000000001,139.708,53.8333333333,1.1537981734037792,17.354,-2.85121,1.7000000000000002,0.1759,7,1.2,1.5,3.6,4.1,4.3,43.90000000000001,46.2,49.20000000000001,180.0,0,11,65,21,0,0,0,0,0,1,0,0,0,0,0.191
1002,20090721,2.362,12.261,69.54166666666667,0.0,96.946,242.521,115.5,1.3056464879460945,56.8013,-2.88713,1.6875,0.17652500000000002,7,0.5,1.2,2.6,3.6,4.3,42.00000000000001,46.2,49.20000000000001,180.0,0,11,65,21,0,0,0,0,0,1,0,0,0,0,0.203
1003,20090722,1.206,14.102,63.72916666666666,0.0,97.39299999999999,292.403,153.47916666700002,1.4907056222898842,75.2724,-2.9182799999999998,1.675,0.17715,7,0.0,0.5,1.5,3.6,4.3,39.40000000000001,46.2,48.20000000000001,180.0,0,11,65,21,0,0,0,0,0,1,0,0,0,0,0.203
1004,20090723,2.011,16.137,61.60416666666666,0.0,98.05,296.2920000000001,159.83333333299998,1.5477525912191494,73.5465,-2.85121,1.6625,0.17777500000000002,7,0.0,0.0,1.2,2.6,4.1,20.1,46.2,48.00000000000001,180.0,0,11,65,21,0,0,0,0,0,1,0,0,0,0,0.188
1005,20090724,2.505,18.516,62.25,0.0,98.031,243.125,124.666666667,1.3693184365624786,61.8653,-2.88713,1.65,0.1784,7,0.0,0.0,0.5,1.5,3.6,20.1,45.3,48.00000000000001,180.0,0,11,65,21,0,0,0,0,0,1,0,0,0,0,0.188
1006,20090725,3.12,19.174,55.3125,0.0,97.912,288.99,144.0625,1.7414761687281148,83.6821,-2.9182799999999998,1.6375000000000002,0.17902500000000002,7,0.0,0.0,0.0,1.2,3.6,4.3,43.90000000000001,48.00000000000001,180.0,0,11,65,21,0,0,0,0,0,1,0,0,0,0,0.18600000000000005
1007,20090726,2.425,15.295,76.375,0.2,98.113,117.81299999999999,54.5,0.8729351508899531,26.1748,-2.85121,1.625,0.17965,7,0.2,0.2,0.2,0.7,2.8,4.5,42.2,48.2,180.0,0,11,65,21,0,0,0,0,0,1,0,0,0,0,0.191
1008,20090727,2.061,15.806,82.52083333333333,24.2,98.238,192.13299999999998,113.5,1.2423821068181893,62.2107,-2.88713,1.6125,0.180275,7,24.4,24.4,24.4,24.4,25.9,28.7,63.8,70.80000000000003,180.0,0,11,65,21,0,0,0,0,0,1,0,0,0,0,0.19899999999999998
1009,20090728,1.518,18.125999999999998,79.64583333333333,4.0,98.03399999999999,193.40599999999998,105.75,2.37874850931489,32.1301,-2.9182799999999998,1.6,0.1809,7,28.2,28.4,28.4,28.4,29.6,32.5,48.5,74.80000000000003,180.0,0,11,65,21,0,0,0,0,0,1,0,0,0,0,0.22
1010,20090729,1.199,15.56,86.52083333333331,3.2,98.26100000000001,138.60399999999998,63.9583333333,1.1054053496642555,25.1803,-2.85121,1.5875,0.17673750000000002,7,7.2,31.4,31.6,31.6,32.099999999999994,35.2,51.7,78.00000000000001,180.0,0,11,65,21,0,0,0,0,0,1,0,0,0,0,0.195
1011,20090730,1.083,16.06,87.66666666666669,0.2,98.762,134.313,60.7291666667,1.3054134511440538,24.2457,-2.88713,1.5750000000000002,0.172575,7,3.4000000000000004,7.4,31.8,31.8,31.8,35.4,36.1,78.00000000000001,180.0,0,11,65,21,0,0,0,0,0,1,0,0,0,0,0.17800000000000002
1012,20090731,1.244,16.644000000000002,73.9375,0.0,98.82,252.188,133.875,1.718309421832091,55.4824,-2.9182799999999998,1.5625,0.16841250000000002,7,0.2,3.4000000000000004,31.6,31.8,31.8,34.4,36.1,78.00000000000001,180.0,0,11,65,21,0,0,0,0,0,1,0,0,0,0,0.187
1013,20090801,1.9509999999999998,18.17,68.8125,0.0,98.697,267.89599999999996,142.20833333299998,1.9248316939005068,72.3234,-2.85121,1.55,0.16425,8,0.0,0.2,7.4,31.8,31.8,33.3,36.1,78.00000000000001,180.0,0,11,65,21,0,0,0,0,0,1,0,0,0,0,0.193
1014,20090802,1.369,17.476,68.75,0.0,98.95200000000001,195.958,88.7708333333,1.7587621690272934,37.7576,-2.88713,1.5375,0.16008750000000002,8,0.0,0.0,3.4000000000000004,31.6,31.8,33.0,35.9,78.00000000000001,180.0,0,11,65,21,0,0,0,0,0,1,0,0,0,0,0.19699999999999998
1015,20090803,1.7169999999999999,15.457,62.0,0.0,99.177,275.83299999999997,140.83333333299998,1.6846192027479985,68.0427,-2.9182799999999998,1.525,0.155925,8,0.0,0.0,0.2,7.4,31.8,32.3,35.4,77.10000000000002,180.0,0,11,65,21,0,0,0,0,0,1,0,0,0,0,0.182
1016,20090804,1.122,15.448,64.9375,0.0,99.287,258.449,117.166666667,1.8939697138442129,75.0678,-2.85121,1.5125000000000002,0.1517625,8,0.0,0.0,0.0,3.4000000000000004,31.8,31.8,35.4,75.7,180.0,0,11,65,21,0,0,0,0,0,1,0,0,0,0,0.191
1017,20090805,1.5330000000000001,16.590999999999998,65.97916666666667,0.1,99.266,230.479,119.063829787,1.4281839478856435,56.7198,-2.88713,1.5,0.1476,8,0.1,0.1,0.1,0.30000000000000004,31.7,31.9,34.5,73.89999999999998,180.0,0,11,65,21,0,0,0,0,0,1,0,0,0,0,0.183
1018,20090806,1.23,16.107,76.8125,0.1,99.444,144.27100000000004,68.7083333333,1.1481621890635256,25.4685,-2.9182799999999998,1.4875,0.1424,8,0.2,0.2,0.2,0.2,7.6,32.0,33.5,71.4,180.0,0,11,65,21,0,0,0,0,0,1,0,0,0,0,0.14200000000000002
1019,20090807,0.8590000000000001,17.632,67.20833333333333,0.0,99.488,251.09400000000002,123.541666667,1.7322372695447084,63.6056,-2.85121,1.475,0.13720000000000002,8,0.1,0.2,0.2,0.2,3.6,32.0,33.2,52.10000000000001,180.0,0,11,65,21,0,0,0,0,0,1,0,0,0,0,0.192
1020,20090808,2.372,20.342,53.1875,0.0,99.13799999999999,226.917,111.104166667,1.7025961764269926,33.7056,-2.88713,1.4625,0.132,8,0.0,0.1,0.2,0.2,0.4,32.0,32.5,52.10000000000001,180.0,0,11,65,21,0,0,0,0,0,1,0,0,0,0,0.159
1021,20090809,2.234,18.296,80.125,5.7,98.53200000000001,175.857,78.9791666667,1.0996888398491589,37.2799,-2.9182799999999998,1.4500000000000002,0.1268,8,5.7,5.7,5.9,5.9,5.9,37.7,37.7,42.00000000000001,180.0,0,11,65,21,0,0,0,0,0,1,0,0,0,0,0.184
1022,20090829,2.763,14.030999999999999,93.75,8.4,97.956,43.968999999999994,6.0625,0.7432704648418011,-3.83491,-2.88713,1.1,0.0592,8,8.4,8.4,8.700000000000001,8.700000000000001,8.700000000000001,13.900000000000002,57.5,63.40000000000001,180.0,0,11,65,21,0,0,0,0,0,1,0,0,0,0,0.203
1023,20090830,2.002,11.874,97.97916666666669,28.7,97.495,36.208,-3.875,0.6119231527893776,-9.61403,-2.9182799999999998,1.0875,0.0573625,8,37.1,37.1,37.1,37.4,37.4,41.6,70.80000000000003,92.1,180.0,0,11,65,21,0,0,0,0,0,1,0,0,0,0,0.163
1024,20090831,3.03,11.520999999999999,88.66666666666669,2.1,96.934,82.792,19.7916666667,1.0553629935218505,-7.4538800000000025,-2.85121,1.075,0.055525000000000005,8,30.8,39.2,39.2,39.5,39.5,43.7,68.0,94.2,180.0,0,11,65,21,0,0,0,0,0,1,0,0,0,0,0.17600000000000002
1025,20090901,2.969,13.464,74.66666666666667,0.0,97.01700000000001,171.271,75.5,1.0670079529342351,16.3535,-2.88713,1.0625,0.0536875,9,2.1,30.8,39.2,39.2,39.5,39.5,63.2,94.2,180.0,0,11,65,21,0,0,0,0,0,1,0,0,0,0,0.201
1026,20090903,3.51,13.449000000000002,77.64583333333333,0.0,97.279,155.24,51.8333333333,1.1776370546288226,5.03871,-2.85121,1.0375,0.0500125,9,7.3,7.3,38.1,46.5,46.8,46.8,52.0,101.5,180.0,0,11,65,21,0,0,0,0,0,1,0,0,0,0,0.209
1027,20090904,2.367,12.197000000000001,94.54166666666669,14.2,97.21700000000001,39.823,1.27083333333,0.5305095767921105,-7.97158,-2.88713,1.025,0.048175,9,14.2,21.5,23.6,60.7,60.7,60.99999999999999,65.19999999999999,115.6,180.0,0,11,65,21,0,0,0,0,0,1,0,0,0,0,0.21899999999999997
1028,20090905,3.1260000000000003,11.87,96.6875,14.4,96.921,29.115,-11.708333333299999,0.8120075986255092,-19.8739,-2.9182799999999998,1.0125,0.0463375,9,28.6,28.6,35.9,66.7,75.10000000000002,75.4,79.60000000000002,129.9,180.0,0,11,65,21,0,0,0,0,0,1,0,0,0,0,0.192
1029,20090906,1.261,12.713,95.02083333333331,5.7,97.62700000000001,44.75,10.3125,0.5077333720117494,-1.7298799999999999,-2.85121,1.0,0.044500000000000005,9,20.1,34.3,41.6,43.7,80.8,81.1,81.1,135.6,180.0,0,11,65,21,0,0,0,0,0,1,0,0,0,0,0.168
1030,20090907,1.9380000000000002,9.58,96.125,5.4,97.53200000000001,55.604,18.25,0.4881907260635934,-0.0595521,-2.88713,0.9875,0.042725,9,11.1,25.5,39.7,47.0,86.2,86.5,86.5,141.0,180.0,0,11,65,21,0,0,0,0,0,1,0,0,0,0,0.168
1031,20090908,2.061,10.334000000000001,92.75,0.0,97.745,51.104,5.9375,0.5161819647537292,-2.5074,-2.9182799999999998,0.975,0.04095,9,5.4,11.1,39.7,47.0,77.8,86.5,86.5,135.3,180.0,0,11,65,21,0,0,0,0,0,1,0,0,0,0,0.161
1032,20090909,4.11,11.915999999999999,89.02083333333331,6.4,97.051,36.802,-18.0833333333,0.8154270439657902,-23.8617,-2.85121,0.9625,0.039175,9,6.4,11.8,31.9,46.1,55.49999999999999,92.6,92.9,126.3,180.0,0,11,65,21,0,0,0,0,0,1,0,0,0,0,0.161
1033,20090910,5.29,11.956,58.91666666666666,0.0,98.00399999999999,134.115,28.5416666667,0.7855882434001109,1.49089,-2.88713,0.95,0.0374,9,6.4,6.4,17.5,46.1,53.39999999999999,92.6,92.9,121.4,180.0,0,11,65,21,0,0,0,0,0,1,0,0,0,0,0.166
1034,20090911,1.976,7.67,77.29166666666667,0.2,98.664,98.552,20.6875,0.3904849747288495,3.9722699999999995,-2.9182799999999998,0.9375,0.035625000000000004,9,0.2,6.6000000000000005,12.0,32.1,53.6,92.8,93.1,116.8,180.0,0,11,65,21,0,0,0,0,0,1,0,0,0,0,0.21100000000000002
1035,20090912,0.9,9.017000000000001,88.77083333333331,1.4,98.14299999999999,68.208,17.3541666667,0.3951569191833821,4.8888,-2.85121,0.925,0.033850000000000005,9,1.6,1.6,8.0,19.1,47.7,94.2,94.5,99.7,180.0,0,11,65,21,0,0,0,0,0,1,0,0,0,0,0.213
1036,20090913,1.213,7.819,88.89583333333331,0.0,98.79,60.167,13.333333333299999,0.23864176871008802,1.29965,-2.88713,0.9125,0.032075,9,1.4,1.6,8.0,13.4,47.7,85.8,94.5,99.7,180.0,0,11,65,21,0,0,0,0,0,1,0,0,0,0,0.213
1037,20090914,2.492,11.105,74.20833333333333,0.0,99.40299999999999,87.844,25.3541666667,0.35746757418594555,-1.48661,-2.9182799999999998,0.9,0.0303,9,0.0,1.4,1.6,8.0,33.5,57.1,94.2,98.7,180.0,0,11,65,21,0,0,0,0,0,1,0,0,0,0,0.212
1038,20090915,1.703,11.040999999999999,73.85416666666667,0.0,98.929,106.583,26.0,0.28094296088713483,0.983292,-2.85121,0.9,0.0295375,9,0.0,0.0,1.6,8.0,19.1,55.0,94.2,98.7,180.0,0,11,65,21,0,0,0,0,0,1,0,0,0,0,0.205
1039,20090916,2.09,9.631,89.125,0.2,97.321,31.291999999999998,-14.541666666700001,0.12417703648842215,-2.66113,-2.88713,0.9,0.028775,9,0.2,0.2,1.6,1.7999999999999998,13.6,55.2,94.4,94.7,180.0,0,11,65,21,0,0,0,0,0,1,0,0,0,0,0.205
1040,20090917,2.924,5.351,73.9375,0.0,97.01299999999999,84.115,2.22916666667,0.11679528906903434,1.7935900000000002,-2.9182799999999998,0.9,0.028012500000000003,9,0.2,0.2,0.2,1.7999999999999998,8.2,47.90000000000001,94.4,94.7,180.0,0,11,65,21,0,0,0,0,0,1,0,0,0,0,0.18899999999999997
1041,20090918,2.351,3.05,68.625,0.0,97.92,120.375,20.6458333333,0.08101894939026702,2.91391,-2.85121,0.9,0.02725,9,0.0,0.2,0.2,1.6,8.2,47.90000000000001,86.0,94.7,180.0,0,11,65,21,0,0,0,0,0,1,0,0,0,0,0.19
1042,20090919,1.12,5.96,78.58333333333333,0.0,97.959,93.281,39.5,0.03742670869828199,1.41082,-2.88713,0.9,0.0264875,9,0.0,0.0,0.2,0.2,1.7999999999999998,33.7,57.3,94.7,180.0,0,11,65,21,0,0,0,0,0,1,0,0,0,0,0.162
1043,20090920,2.211,9.533999999999999,84.83333333333333,0.0,97.475,79.635,13.125,0.0037749276317186843,-0.0186359,-2.9182799999999998,0.9,0.025725,9,0.0,0.0,0.2,0.2,1.7999999999999998,19.3,55.2,94.7,180.0,0,11,65,21,0,0,0,0,0,1,0,0,0,0,0.218
1044,20091213,1.296,-14.32,89.16666666666669,0.0,100.056,0.45799999999999996,-33.3333333333,0.00017939858364354868,-0.00922243,-2.9182799999999998,0.1,0.012275,12,0.0,0.7,4.3,5.3,7.8,22.0,40.90000000000001,56.90000000000001,180.0,0,11,65,21,0,0,0,0,0,1,0,0,0,0,0.25
1045,20091225,1.5090000000000001,-20.678,82.95833333333333,0.0,98.595,0.41700000000000004,-32.375,0.0002439313890273328,-0.124671,-2.9182799999999998,0.1,0.012425,12,0.0,0.0,1.9,2.9,3.2,3.9,8.5,40.8,180.0,0,11,65,21,0,0,0,0,0,1,0,0,0,0,0.244
1046,20091226,1.091,-24.57800000000001,79.5625,0.0,98.575,0.135,-11.895833333299999,0.0005798332771139095,0.0839831,-2.85121,0.1,0.0125125,12,0.0,0.0,1.9,1.9,3.2,3.2,8.5,36.9,180.0,0,11,65,21,0,0,0,0,0,1,0,0,0,0,0.244
1047,20100105,1.3780000000000001,-26.735,76.45833333333333,0.0,98.037,1.3330000000000002,-25.2916666667,0.0006837815159111652,-0.15696500000000002,-2.88713,0.1,0.007050000000000002,1,0.0,0.0,2.4,3.6,7.1999999999999975,9.1,10.4,15.7,180.0,0,11,65,21,0,0,0,0,0,1,0,0,0,0,0.258
1048,20100106,1.395,-28.075,75.04166666666667,0.0,98.257,0.7809999999999999,-21.3333333333,0.0009099891867945443,-0.036920999999999995,-2.9182799999999998,0.1,0.0070875,1,0.0,0.0,2.4,2.4,7.1999999999999975,7.1999999999999975,10.4,15.4,180.0,0,11,65,21,0,0,0,0,0,1,0,0,0,0,0.258
1049,20100107,1.47,-29.775,73.375,1.2,98.764,1.104,-13.770833333299999,0.0007430442333388153,0.0650066,-2.85121,0.1,0.007125,1,1.2,1.2,1.2,3.6,6.8,8.4,11.3,15.9,180.0,0,11,65,21,0,0,0,0,0,1,0,0,0,0,0.266
1050,20100108,1.41,-24.730999999999998,78.60416666666667,0.0,98.63,1.469,-6.229166666669999,0.0006777365858769539,-0.90846,-2.88713,0.1,0.007162500000000001,1,1.2,1.2,1.2,3.6,4.8,8.4,10.3,14.4,180.0,0,11,65,21,0,0,0,0,0,1,0,0,0,0,0.273
1051,20100112,1.046,-5.9239999999999995,95.54166666666669,0.6,98.57700000000001,1.094,-16.2916666667,0.014884071290070388,1.01601,-2.9182799999999998,0.1,0.007162500000000001,1,0.6,0.6,2.4,3.6,3.6,9.2,10.8,14.0,180.0,0,11,65,21,0,0,0,0,0,1,0,0,0,0,0.281
1052,20100113,0.945,-6.0920000000000005,96.75,0.0,98.64,1.4580000000000002,-4.85416666667,0.01732083499659431,-0.446215,-2.85121,0.1,0.00715,1,0.6,0.6,2.4,3.6,3.6,7.2,10.8,14.0,180.0,0,11,65,21,0,0,0,0,0,1,0,0,0,0,0.281
1053,20100114,1.123,-9.189,94.14583333333331,0.0,98.774,0.948,-7.625,0.010020575919625086,-3.49183,-2.88713,0.1,0.0071375000000000015,1,0.0,0.6,0.6,2.4,3.6,6.0,10.8,14.0,180.0,0,11,65,21,0,0,0,0,0,1,0,0,0,0,0.281
1054,20100115,1.371,-15.741,88.83333333333331,0.0,99.626,2.0,-7.541666666669999,0.007677707416760036,-3.32354,-2.9182799999999998,0.1,0.007125,1,0.0,0.0,0.6,2.4,3.6,6.0,10.8,14.0,180.0,0,11,65,21,0,0,0,0,0,1,0,0,0,0,0.281
1055,20100116,3.266,-7.229,94.27083333333331,0.0,99.51700000000001,1.021,-3.4375,0.0041046931998695215,-6.86061,-2.85121,0.1,0.007112500000000002,1,0.0,0.0,0.6,0.6,3.6,6.0,10.8,14.0,180.0,0,11,65,21,0,0,0,0,0,1,0,0,0,0,0.281
1056,20100117,3.475,-5.9239999999999995,90.20833333333331,0.0,99.571,1.635,-8.083333333330001,0.0063157947995638,-5.77768,-2.88713,0.1,0.0071,1,0.0,0.0,0.0,0.6,2.4,3.6,9.2,13.7,180.0,0,11,65,21,0,0,0,0,0,1,0,0,0,0,0.281
1057,20100119,3.49,-10.722000000000001,90.54166666666669,0.0,99.762,2.438,-5.916666666669999,0.008179909747289701,-10.9647,-2.85121,0.125,0.007175,1,0.2,0.2,0.2,0.2,0.8,3.8,6.1999999999999975,12.9,180.0,0,11,65,21,0,0,0,0,0,1,0,0,0,0,0.266
1058,20100123,2.0909999999999997,-20.105,83.89583333333333,0.0,100.796,3.448,-3.0,0.002880470438459366,-12.4215,-2.88713,0.17500000000000002,0.007325000000000002,1,0.0,0.0,0.0,0.2,0.2,2.6,3.8,10.999999999999998,180.0,0,11,65,21,0,0,0,0,0,1,0,0,0,0,0.266
1059,20100209,0.723,-13.615,89.16666666666669,0.4,98.818,15.354000000000001,-5.5,0.0007730925272884376,-0.779888,-2.85121,0.1,0.013625,2,0.9,2.4,4.4,8.399999999999999,14.599999999999998,18.5,18.5,19.3,180.0,0,11,65,21,0,0,0,0,0,1,0,0,0,0,0.25
1060,20100210,1.489,-16.969,86.125,0.0,98.723,18.0,-7.145833333330001,0.0030929379709217155,-1.33485,-2.88713,0.1,0.0144,2,0.4,0.9,3.1,5.9,12.999999999999998,18.2,18.5,19.3,180.0,0,11,65,21,0,0,0,0,0,1,0,0,0,0,0.25
1061,20100211,1.534,-18.160999999999998,84.39583333333333,0.0,98.53200000000001,16.469,-3.66666666667,0.0005811264815462693,-2.14067,-2.9182799999999998,0.1,0.0138875,2,0.0,0.4,2.4,4.4,11.999999999999998,14.999999999999998,18.5,18.7,180.0,0,11,65,21,0,0,0,0,0,1,0,0,0,0,0.25
1062,20100212,1.9,-20.570999999999998,82.125,0.0,98.891,21.604,-0.708333333333,0.0059702789513243065,-1.32794,-2.85121,0.1,0.013375,2,0.0,0.0,0.9,3.1,8.399999999999999,14.999999999999998,18.5,18.7,180.0,0,11,65,21,0,0,0,0,0,1,0,0,0,0,0.258
1063,20100222,1.794,-21.230999999999998,80.75,2.3,97.572,17.219,-2.20833333333,0.010098834950144462,-0.16717,-2.88713,0.1,0.011000000000000001,2,2.3,2.3,2.3,2.3,8.8,9.7,17.200000000000006,27.300000000000004,180.0,0,11,65,21,0,0,0,0,0,1,0,0,0,0,0.266
1064,20100223,0.9890000000000001,-23.438000000000002,78.5625,0.0,96.995,27.967,2.29166666667,0.00017480904976602163,-0.452488,-2.9182799999999998,0.1,0.011175,2,2.3,2.3,2.3,2.3,5.3,9.2,14.7,27.300000000000004,180.0,0,11,65,21,0,0,0,0,0,1,0,0,0,0,0.266
1065,20100224,2.201,-17.929000000000006,84.0625,2.0,96.70100000000001,16.313,1.8958333333300001,0.006399839577845942,-0.517402,-2.85121,0.1,0.01135,2,2.0,4.3,4.3,4.3,6.6,10.8,15.2,29.300000000000004,180.0,0,11,65,21,0,0,0,0,0,1,0,0,0,0,0.266
1066,20100301,1.97,-11.9,85.97916666666669,2.2,96.84,24.541999999999998,7.479166666669999,0.001039474630795075,0.142753,-2.9182799999999998,0.1,0.0115875,3,2.2,6.9,6.9,8.9,11.2,13.5,17.7,32.3,180.0,0,11,65,21,0,0,0,0,0,1,0,0,0,0,0.266
1067,20100302,4.198,-6.635,93.70833333333331,11.5,96.92399999999999,20.958000000000002,5.6875,0.010041904143773749,1.0634,-2.85121,0.1,0.01155,3,13.7,13.7,18.4,20.4,22.7,22.7,29.2,42.2,180.0,0,11,65,21,0,0,0,0,0,1,0,0,0,0,0.266
1068,20100303,5.622000000000001,-5.233,86.08333333333331,2.5,97.37299999999999,51.021,4.375,0.02215230912410318,2.0354799999999997,-2.88713,0.1,0.0115125,3,14.0,16.2,20.9,20.9,25.2,25.2,31.7,43.7,180.0,0,11,65,21,0,0,0,0,0,1,0,0,0,0,0.266
1069,20100304,2.7960000000000003,-9.039,75.875,0.0,98.163,65.92699999999999,-12.083333333299999,0.014110446697342975,2.13387,-2.9182799999999998,0.1,0.011475,3,2.5,14.0,16.2,20.9,22.9,25.2,31.7,40.1,180.0,0,11,65,21,0,0,0,0,0,1,0,0,0,0,0.266
1070,20100305,1.173,-10.925999999999998,87.1875,0.2,98.05,42.593999999999994,10.0208333333,0.007710957316184474,1.69324,-2.85121,0.1,0.0114375,3,0.2,2.7,16.4,21.1,23.1,25.4,28.4,37.8,180.0,0,11,65,21,0,0,0,0,0,1,0,0,0,0,0.266
1071,20100306,1.345,-13.788,84.33333333333333,0.0,98.821,85.162,-6.833333333330001,0.008532446585897023,2.18321,-2.88713,0.1,0.0114,3,0.2,0.2,14.2,16.4,21.1,25.4,27.7,36.3,180.0,0,11,65,21,0,0,0,0,0,1,0,0,0,0,0.266
1072,20100307,3.798,-9.309,87.75,0.0,98.516,28.594,4.83333333333,0.028048371350124404,6.2095,-2.9182799999999998,0.1125,0.0116875,3,0.0,0.2,2.7,16.4,21.1,25.4,25.4,35.0,180.0,0,11,65,21,0,0,0,0,0,1,0,0,0,0,0.258
1073,20100308,4.913,-2.573,77.0625,1.4,96.76899999999999,50.135,-6.770833333330001,0.0418861575170398,5.18811,-2.85121,0.125,0.011975,3,1.4,1.4,1.6,15.6,22.5,26.8,26.8,35.7,180.0,0,11,65,21,0,0,0,0,0,1,0,0,0,0,0.258
1074,20100309,4.013,-6.5889999999999995,65.60416666666667,0.0,97.307,86.68799999999996,-15.854166666700001,0.05561732947048082,7.72693,-2.88713,0.1375,0.0122625,3,1.4,1.4,1.6,4.1,17.8,24.5,26.8,34.2,180.0,0,11,65,21,0,0,0,0,0,1,0,0,0,0,0.258
1075,20100310,1.608,-13.743,72.52083333333333,0.0,97.279,98.81299999999999,1.22916666667,0.015598882796928282,4.90076,-2.9182799999999998,0.15000000000000002,0.01255,3,0.0,1.4,1.4,1.6,17.8,24.5,26.8,33.7,180.0,0,11,65,21,0,0,0,0,0,1,0,0,0,0,0.258
1076,20100311,1.415,-9.962,84.39583333333333,0.4,96.662,55.896,-4.4375,0.024350317783262496,6.9200399999999975,-2.85121,0.1625,0.0128375,3,0.4,0.4,1.7999999999999998,2.0,16.0,22.9,27.2,33.7,180.0,0,11,65,21,0,0,0,0,0,1,0,0,0,0,0.258
1077,20100312,1.547,-15.982999999999999,75.97916666666667,0.3,96.46799999999999,100.958,14.104166666700001,0.0174982591274982,6.1487,-2.88713,0.17500000000000002,0.013125,3,0.7,0.7,2.1,2.1,4.8,23.2,27.5,34.0,180.0,0,11,65,21,0,0,0,0,0,1,0,0,0,0,0.258
1078,20100313,1.026,-18.01,82.45833333333333,0.3,96.307,52.65600000000001,-1.04166666667,0.023939922688771702,5.75894,-2.9182799999999998,0.1875,0.0134125,3,0.6,1.0,1.0,2.4,2.6,23.5,27.8,34.3,180.0,0,11,65,21,0,0,0,0,0,1,0,0,0,0,0.258
1079,20100314,1.016,-18.739,79.5625,0.3,96.55,70.26,17.5416666667,0.059159149430483414,7.122960000000001,-2.85121,0.2,0.0137,3,0.6,0.8999999999999999,1.2999999999999998,2.7,2.9,19.1,25.8,34.599999999999994,180.0,0,11,65,21,0,0,0,0,0,1,0,0,0,0,0.258
1080,20100315,1.094,-16.573,79.5,0.3,97.06200000000001,92.781,16.9791666667,0.034213580260949845,9.68282,-2.88713,0.2,0.0135125,3,0.6,0.8999999999999999,1.6,1.6,3.0,19.4,26.1,31.4,180.0,0,11,65,21,0,0,0,0,0,1,0,0,0,0,0.258
1081,20100316,1.724,-18.59,62.5625,0.0,97.338,113.425,16.9791666667,0.08097674805644195,10.2051,-2.9182799999999998,0.2,0.013325,3,0.3,0.6,1.2,1.6,3.0,17.2,24.1,30.7,180.0,0,11,65,21,0,0,0,0,0,1,0,0,0,0,0.258
1082,20100317,1.861,-14.064,71.8125,0.6,97.306,119.49,16.125,0.09060478334206916,12.5537,-2.85121,0.2,0.0131375,3,0.6,0.8999999999999999,1.5,2.2,3.6,6.3000000000000025,24.7,29.0,180.0,0,11,65,21,0,0,0,0,0,1,0,0,0,0,0.258
1083,20100318,1.177,-16.302,73.02083333333333,0.0,97.65299999999999,116.823,22.4166666667,0.12137487357678185,13.5544,-2.88713,0.2,0.01295,3,0.6,0.6,1.2,1.8,2.2,3.8,24.7,29.0,180.0,0,11,65,21,0,0,0,0,0,1,0,0,0,0,0.258
1084,20100319,1.8630000000000002,-14.128,69.8125,0.0,97.311,118.508,34.0625,0.09721265980606243,18.8608,-2.9182799999999998,0.2,0.0127625,3,0.0,0.6,0.8999999999999999,1.5,2.2,3.8,20.0,29.0,180.0,0,11,65,21,0,0,0,0,0,1,0,0,0,0,0.258
1085,20100320,2.045,-5.609,90.97916666666669,6.6,96.073,59.583,19.25,0.1883482370917684,16.3581,-2.85121,0.2,0.012575,3,6.6,6.6,7.1999999999999975,7.799999999999999,8.8,10.2,26.6,35.59999999999999,180.0,0,11,65,21,0,0,0,0,0,1,0,0,0,0,0.258
1086,20100321,2.383,-9.396,76.35416666666667,0.0,96.676,135.125,17.4375,0.14618097838369726,11.8411,-2.88713,0.2,0.0123875,3,6.6,6.6,7.1999999999999975,7.499999999999999,8.4,10.2,24.4,35.59999999999999,180.0,0,11,65,21,0,0,0,0,0,1,0,0,0,0,0.258
1087,20100322,3.168,-7.018,72.5625,0.0,96.648,126.385,29.4583333333,0.1626816112288712,18.5143,-2.9182799999999998,0.2,0.0122,3,0.0,6.6,6.6,7.1999999999999975,8.1,10.2,12.9,35.59999999999999,180.0,0,11,65,21,0,0,0,0,0,1,0,0,0,0,0.258
1088,20100323,4.516,-3.866,69.6875,0.0,97.23700000000001,116.594,13.395833333299999,0.2322398053450841,26.7067,-2.85121,0.2,0.0117875,3,0.0,0.0,6.6,7.1999999999999975,7.799999999999999,8.8,10.4,35.59999999999999,180.0,0,11,65,21,0,0,0,0,0,1,0,0,0,0,0.25
1089,20100324,2.432,-6.895,75.14583333333333,0.0,98.29700000000001,145.281,23.5208333333,0.16252191242034092,24.9206,-2.88713,0.2,0.011375,3,0.0,0.0,6.6,6.6,7.499999999999999,8.8,10.4,33.3,180.0,0,11,65,21,0,0,0,0,0,1,0,0,0,0,0.25
1090,20100325,1.942,-9.088,66.52083333333333,0.0,98.90299999999999,146.69799999999995,32.0208333333,0.13900850122236486,21.5277,-2.9182799999999998,0.2,0.0109625,3,0.0,0.0,0.0,6.6,7.1999999999999975,8.8,10.2,33.3,180.0,0,11,65,21,0,0,0,0,0,1,0,0,0,0,0.25
1091,20100326,1.218,-6.006,85.72916666666667,2.1,97.91799999999999,52.042,13.979166666700001,0.18974888982300148,17.8476,-2.85121,0.2,0.01055,3,2.1,2.1,2.1,8.7,9.3,10.500000000000002,12.300000000000002,33.4,180.0,0,11,65,21,0,0,0,0,0,1,0,0,0,0,0.25
1092,20100327,1.463,-5.892,70.47916666666667,0.0,97.85700000000001,115.927,44.021276595699995,0.1467442851728301,23.2567,-2.88713,0.2,0.0101375,3,2.1,2.1,2.1,2.1,8.7,10.2,12.300000000000002,33.4,180.0,0,11,65,21,0,0,0,0,0,1,0,0,0,0,0.25
1093,20100328,3.6460000000000004,-5.5520000000000005,89.39583333333331,17.0,97.16,44.417,16.5833333333,0.4085744159110332,24.619,-2.9182799999999998,0.2,0.009725,3,17.0,19.1,19.1,19.1,25.70000000000001,26.90000000000001,27.90000000000001,50.40000000000001,180.0,0,11,65,21,0,0,0,0,0,1,0,0,0,0,0.25
1094,20100329,2.043,-4.466,90.66666666666669,6.2,96.97200000000001,59.53100000000001,28.9583333333,0.2724834626353651,23.5272,-2.85121,0.2,0.0093125,3,23.2,23.2,25.3,25.3,31.9,32.8,34.09999999999999,51.89999999999999,180.0,0,11,65,21,0,0,0,0,0,1,0,0,0,0,0.25
1095,20100330,1.35,-3.3160000000000003,86.64583333333331,2.4,97.23200000000001,81.781,36.0625,0.2632898727812009,27.680999999999997,-2.88713,0.2,0.0089,3,8.6,25.6,27.70000000000001,27.70000000000001,27.70000000000001,34.90000000000001,36.49999999999999,54.3,180.0,0,11,65,21,0,0,0,0,0,1,0,0,0,0,0.244
1096,20100331,2.124,-2.2769999999999997,86.8125,0.0,98.18799999999999,56.49,13.416666666700001,0.13825019448318934,19.3683,-2.9182799999999998,0.2,0.0083625,3,2.4,8.6,25.6,27.70000000000001,27.70000000000001,34.90000000000001,36.1,52.1,180.0,0,11,65,21,0,0,0,0,0,1,0,0,0,0,0.244
1097,20100401,1.686,-0.10400000000000001,92.9375,0.5,98.314,54.792,7.895833333330001,0.14789046878290174,9.43605,-2.85121,0.2,0.007825,4,0.5,2.9,26.1,28.20000000000001,28.20000000000001,34.800000000000004,36.3,41.1,180.0,0,11,65,21,0,0,0,0,0,1,0,0,0,0,0.244
1098,20100402,1.954,2.7569999999999997,88.0625,0.0,98.34700000000001,74.219,18.3958333333,0.030058636574662463,12.4483,-2.88713,0.2,0.0072875000000000014,4,0.5,0.5,9.1,26.1,28.20000000000001,34.800000000000004,36.0,38.6,180.0,0,11,65,21,0,0,0,0,0,1,0,0,0,0,0.244
1099,20100403,1.423,2.412,80.75,3.1,98.90299999999999,125.135,57.5625,0.12800571880448108,35.2858,-2.9182799999999998,0.2,0.00675,4,3.1,3.6,6.0,29.2,31.3,37.9,38.8,41.69999999999999,180.0,0,11,65,21,0,0,0,0,0,1,0,0,0,0,0.266
1100,20100404,0.892,1.4240000000000002,97.25,4.4,98.93700000000001,45.333,16.3333333333,0.1284016496637669,12.5549,-2.85121,0.2,0.0062125,4,7.5,7.5,8.0,16.6,35.7,35.7,42.90000000000001,45.89999999999999,180.0,0,11,65,21,0,0,0,0,0,1,0,0,0,0,0.266
1101,20100405,1.198,1.3630000000000002,93.60416666666669,0.6,99.051,46.593999999999994,8.729166666669999,0.13859083975022146,12.9797,-2.88713,0.2,0.005675,4,5.0,8.1,8.6,11.0,34.2,36.3,43.50000000000001,46.49999999999999,180.0,0,11,65,21,0,0,0,0,0,1,0,0,0,0,0.267
1102,20100406,0.7290000000000001,2.2840000000000003,76.22916666666667,0.0,99.397,96.802,44.1041666667,0.15411879093794012,20.2541,-2.9182799999999998,0.2,0.005137500000000001,4,0.6,5.0,8.1,8.6,34.2,36.3,42.90000000000001,46.49999999999999,180.0,0,11,65,21,0,0,0,0,0,1,0,0,0,0,0.273
1103,20100407,1.5219999999999998,2.086,77.16666666666667,0.0,99.31,64.938,29.9166666667,0.1725478229512251,12.5649,-2.85121,0.2,0.0046,4,0.0,0.6,8.1,8.6,17.2,36.3,42.90000000000001,45.1,180.0,0,11,65,21,0,0,0,0,0,1,0,0,0,0,0.273
1104,20100408,0.878,1.929,82.95833333333333,0.0,98.87899999999999,87.508,40.75,0.1824949943361827,21.7602,-2.88713,0.2125,0.004025,4,0.0,0.0,5.0,8.1,11.0,36.3,42.90000000000001,45.1,180.0,0,11,65,21,0,0,0,0,0,1,0,0,0,0,0.267
1105,20100409,1.2930000000000001,1.5630000000000002,87.60416666666669,0.0,99.18299999999999,62.968999999999994,26.3958333333,0.23560731941975985,21.4834,-2.9182799999999998,0.225,0.0034500000000000004,4,0.0,0.0,0.6,8.1,8.6,36.3,36.3,45.1,180.0,0,11,65,21,0,0,0,0,0,1,0,0,0,0,0.259
1106,20100410,0.603,2.707,86.08333333333331,0.0,99.93299999999999,81.229,40.5833333333,0.2503910938390893,19.7418,-2.85121,0.2375,0.002875,4,0.0,0.0,0.0,5.0,8.6,34.2,36.3,44.7,180.0,0,11,65,21,0,0,0,0,0,1,0,0,0,0,0.281
1107,20100411,1.4709999999999999,4.172,70.29166666666667,0.0,100.256,130.969,56.6458333333,0.2679576820380908,27.9856,-2.88713,0.25,0.0023,4,0.0,0.0,0.0,0.6,8.1,34.2,36.3,44.4,180.0,0,11,65,21,0,0,0,0,0,1,0,0,0,0,0.29600000000000004
1108,20100412,3.342,4.512,66.8125,0.0,98.90899999999999,171.05200000000005,73.0,0.3079723406987687,39.2132,-2.9182799999999998,0.2625,0.0017250000000000002,4,0.0,0.0,0.0,0.0,8.1,17.2,36.3,44.1,180.0,0,11,65,21,0,0,0,0,0,1,0,0,0,0,0.311
1109,20100413,2.853,2.4219999999999997,76.375,0.8,98.145,138.26,39.9166666667,0.3010643165303554,36.9113,-2.85121,0.275,0.00115,4,0.8,0.8,0.8,0.8,5.8000000000000025,11.8,37.1,44.6,180.0,0,11,65,21,0,0,0,0,0,1,0,0,0,0,0.319
1110,20100415,2.452,3.2,75.4375,0.0,97.359,163.96900000000005,74.1666666667,0.1830608180977814,49.0983,-2.9182799999999998,0.30000000000000004,0.0,4,0.0,0.8,0.8,0.8,0.8,9.4,35.0,44.3,180.0,0,11,65,21,0,0,0,0,0,1,0,0,0,0,0.29600000000000004
1111,20100416,2.54,1.084,83.54166666666667,2.3,96.488,83.656,17.2083333333,0.41299823420140896,30.1033,-2.85121,0.3125,-0.0012125,4,2.3,2.3,3.1,3.1,3.1,11.2,37.3,46.0,180.0,0,11,65,21,0,0,0,0,0,1,0,0,0,0,0.304
1112,20100417,2.386,-0.253,55.125,0.0,96.495,214.958,79.8958333333,0.5040369337656578,67.873,-2.88713,0.325,-0.002425,4,2.3,2.3,3.1,3.1,3.1,11.2,20.3,46.0,180.0,0,11,65,21,0,0,0,0,0,1,0,0,0,0,0.28800000000000003
1113,20100418,1.757,-0.151,71.58333333333333,0.2,96.13799999999999,150.85399999999996,64.2291666667,0.30600849629577226,60.3982,-2.9182799999999998,0.3375,-0.0036375,4,0.2,2.5,2.5,3.3,3.3,8.3,14.3,46.2,180.0,0,11,65,21,0,0,0,0,0,1,0,0,0,0,0.281
1114,20100419,1.893,-0.147,53.39583333333334,0.0,96.741,235.32299999999998,83.3958333333,0.4107125567409428,69.1229,-2.85121,0.35000000000000003,-0.00485,4,0.2,0.2,2.5,3.3,3.3,3.9,11.9,39.6,180.0,0,11,65,21,0,0,0,0,0,1,0,0,0,0,0.281
1115,20100420,1.127,-1.22,77.75,0.3,97.632,140.615,52.6041666667,0.3604241078937744,50.8958,-2.88713,0.3625,-0.0060625,4,0.3,0.5,2.8,2.8,3.6,3.6,12.2,39.9,180.0,0,11,65,21,0,0,0,0,0,1,0,0,0,0,0.273
1116,20100421,1.696,1.402,66.83333333333333,0.0,98.199,197.49,84.7083333333,0.4136800605137087,63.403999999999996,-2.9182799999999998,0.375,-0.007275,4,0.3,0.3,0.5,2.8,3.6,3.6,11.7,39.9,180.0,0,11,65,21,0,0,0,0,0,1,0,0,0,0,0.273
1117,20100422,1.76,1.2,55.58333333333334,0.0,98.04799999999999,208.479,81.7916666667,0.4920582614782578,66.122,-2.85121,0.3875,-0.0084875,4,0.0,0.3,0.5,2.8,3.6,3.6,11.7,39.9,180.0,0,11,65,21,0,0,0,0,0,1,0,0,0,0,0.273
1118,20100423,3.532,-0.444,81.58333333333333,2.1,97.18799999999999,93.68799999999999,38.1875,0.6178662686731203,47.5312,-2.88713,0.4,-0.0097,4,2.1,2.1,2.4,2.6,4.9,5.7,10.7,42.0,180.0,0,11,65,21,0,0,0,0,0,1,0,0,0,0,0.266
1119,20100424,4.979,-0.723,72.8125,1.2,97.535,128.76,48.3541666667,0.5621132853057983,63.4654,-2.9182799999999998,0.425,-0.0092,4,3.3,3.3,3.6,3.8,6.1,6.9,7.499999999999999,43.2,180.0,0,11,65,21,0,0,0,0,0,1,0,0,0,0,0.266
1120,20100425,3.009,-1.111,51.125,0.0,98.912,230.49,88.0,0.5811640297712521,90.9556,-2.85121,0.45,-0.008700000000000001,4,1.2,3.3,3.3,3.6,6.1,6.9,6.9,41.1,180.0,0,11,65,21,0,0,0,0,0,1,0,0,0,0,0.266
1121,20100426,3.593,1.7480000000000002,58.85416666666666,0.0,98.54899999999999,177.896,73.3333333333,0.7861707346691033,61.266999999999996,-2.88713,0.475,-0.0082,4,0.0,1.2,3.3,3.6,3.8,6.9,6.9,41.1,180.0,0,11,65,21,0,0,0,0,0,1,0,0,0,0,0.259
1122,20100427,3.4960000000000004,3.2260000000000004,58.6875,1.2,97.291,186.71900000000002,67.5208333333,0.9527712186739672,73.0341,-2.9182799999999998,0.5,-0.0077,4,1.2,1.2,4.5,4.5,5.0,8.1,8.1,25.3,180.0,0,11,65,21,0,0,0,0,0,1,0,0,0,0,0.281
1123,20100428,3.846,0.8690000000000001,50.47916666666666,0.0,97.412,247.188,82.4375,0.9638326088691778,109.035,-2.85121,0.525,-0.0072000000000000015,4,1.2,1.2,2.4,4.5,4.8,7.3,8.1,19.1,180.0,0,11,65,21,0,0,0,0,0,1,0,0,0,0,0.281
1124,20100429,2.533,0.764,54.54166666666666,0.0,97.145,250.233,88.4468085106,0.7851428649931144,127.24799999999999,-2.88713,0.55,-0.0067,4,0.0,1.2,1.2,4.5,4.8,7.3,8.1,16.7,180.0,0,11,65,21,0,0,0,0,0,1,0,0,0,0,0.273
1125,20100430,1.8969999999999998,0.523,60.29166666666666,0.6,97.279,195.28099999999998,88.3125,0.7996379356870654,111.045,-2.9182799999999998,0.5750000000000001,-0.006200000000000001,4,0.6,0.6,1.7999999999999998,3.0,5.1,7.899999999999999,8.7,17.3,180.0,0,11,65,21,0,0,0,0,0,1,0,0,0,0,0.266
1126,20100501,2.251,1.56,97.77083333333331,7.8,96.447,57.427,24.4375,1.2098893772021568,28.3423,-2.85121,0.6000000000000001,-0.0057,5,8.4,8.4,9.6,9.6,12.9,13.4,16.5,24.6,180.0,0,11,65,21,0,0,0,0,0,1,0,0,0,0,0.281
1127,20100502,2.0580000000000003,1.632,96.72916666666669,2.8,96.25399999999999,82.406,34.875,1.194787122169044,54.9678,-2.88713,0.625,-0.0027500000000000003,5,10.6,11.2,11.2,12.4,15.699999999999998,16.2,19.3,27.40000000000001,180.0,0,11,65,21,0,0,0,0,0,1,0,0,0,0,0.319
1128,20100503,3.093,2.617,76.77083333333333,2.4,97.529,144.406,53.9583333333,1.004538639984556,81.5633,-2.9182799999999998,0.65,0.0002,5,5.199999999999998,13.0,13.6,14.8,15.999999999999998,18.4,20.9,26.70000000000001,180.0,0,11,65,21,0,0,0,0,0,1,0,0,0,0,0.311
1129,20100504,1.51,2.513,52.89583333333334,0.0,98.544,256.279,103.311111111,0.9420585607186054,150.232,-2.85121,0.675,0.00315,5,2.4,5.199999999999998,13.6,13.6,14.8,18.4,20.9,22.3,180.0,0,11,65,21,0,0,0,0,0,1,0,0,0,0,0.311
1130,20100505,1.784,1.848,70.79166666666667,0.0,98.617,205.28099999999998,84.6041666667,0.7362220142917257,124.76299999999999,-2.88713,0.7000000000000001,0.0061,5,0.0,2.4,13.0,13.6,14.8,18.1,20.9,21.7,180.0,0,11,65,21,0,0,0,0,0,1,0,0,0,0,0.304
1131,20100506,2.21,-0.268,74.72916666666667,0.2,99.177,128.67700000000002,52.1666666667,0.820501684060141,100.11200000000001,-2.9182799999999998,0.7250000000000001,0.00905,5,0.2,0.2,5.4,13.8,14.999999999999998,18.3,18.8,21.9,180.0,0,11,65,21,0,0,0,0,0,1,0,0,0,0,0.29600000000000004
1132,20100507,1.3769999999999998,1.035,60.39583333333334,0.0,99.67,258.97900000000004,124.479166667,0.7653494735965035,129.286,-2.85121,0.75,0.012,5,0.2,0.2,2.6,13.2,13.8,18.3,18.8,21.9,180.0,0,11,65,21,0,0,0,0,0,1,0,0,0,0,0.28800000000000003
1133,20100508,2.815,3.98,54.91666666666666,0.0,98.758,289.49,136.70833333299998,0.8663460061349876,143.918,-2.88713,0.775,0.01495,5,0.0,0.2,0.2,5.4,13.8,16.2,18.6,21.9,180.0,0,11,65,21,0,0,0,0,0,1,0,0,0,0,0.28800000000000003
1134,20100509,1.6869999999999998,1.969,83.04166666666667,0.4,97.727,93.448,37.1041666667,0.5648281389821618,48.602,-2.9182799999999998,0.8,0.0179,5,0.4,0.4,0.6000000000000001,3.0,14.2,15.4,19.0,22.3,180.0,0,11,65,21,0,0,0,0,0,1,0,0,0,0,0.18600000000000005
1135,20100510,1.446,3.7769999999999997,77.60416666666667,0.0,97.882,200.16400000000002,109.04255319100001,0.5957217750046947,85.8896,-2.85121,0.8250000000000001,0.0231375,5,0.4,0.4,0.6000000000000001,0.6000000000000001,13.6,15.4,18.7,22.3,180.0,0,11,65,21,0,0,0,0,0,1,0,0,0,0,0.192
1136,20100511,1.742,5.751,85.10416666666667,3.0,98.24799999999999,146.313,72.6458333333,0.4003866632680309,47.8368,-2.88713,0.8500000000000001,0.028375,5,3.0,3.4,3.4,3.6,8.8,18.4,21.70000000000001,25.300000000000004,180.0,0,11,65,21,0,0,0,0,0,1,0,0,0,0,0.21600000000000005
1137,20100512,0.92,3.397,99.25,9.1,98.811,51.979,15.4375,0.20846471298926328,17.2376,-2.9182799999999998,0.875,0.033612500000000003,5,12.1,12.1,12.5,12.7,15.1,26.3,30.8,34.4,180.0,0,11,65,21,0,0,0,0,0,1,0,0,0,0,0.248
1138,20100513,2.023,8.854,70.5,0.0,99.271,274.865,147.53191489399998,0.5566333693962979,82.0933,-2.85121,0.9,0.03885,5,9.1,12.1,12.5,12.5,12.7,26.3,28.7,33.6,180.0,0,11,65,21,0,0,0,0,0,1,0,0,0,0,0.248
1139,20100514,2.391,12.809000000000001,77.3125,0.7,98.941,208.84400000000002,124.0,0.41956592853977537,52.5564,-2.88713,0.925,0.0440875,5,0.7,9.8,12.8,13.2,13.4,27.0,28.2,34.3,180.0,0,11,65,21,0,0,0,0,0,1,0,0,0,0,0.251
1140,20100515,1.964,17.248,62.14583333333334,0.8,98.98,278.74,157.1875,1.1021794182952045,60.9431,-2.9182799999999998,0.95,0.049325,5,1.5,1.5,13.6,14.0,14.2,27.2,29.0,35.099999999999994,180.0,0,11,65,21,0,0,0,0,0,1,0,0,0,0,0.19
1141,20100601,3.0989999999999998,7.9289999999999985,47.45833333333334,0.0,98.649,272.841,137.79166666700002,1.4988601984629044,102.241,-2.88713,1.1875,0.084675,6,1.7,7.4,9.3,13.9,37.8,38.00000000000001,39.50000000000001,54.60000000000001,180.0,0,11,65,21,0,0,0,0,0,1,0,0,0,0,0.215
1142,20100602,2.6310000000000002,11.285,50.16666666666666,0.0,98.825,318.115,165.35416666700002,1.9001257755696843,114.815,-2.9182799999999998,1.2000000000000002,0.0859,6,0.0,1.7,9.3,9.3,33.6,38.00000000000001,39.50000000000001,52.20000000000001,180.0,0,11,65,21,0,0,0,0,0,1,0,0,0,0,0.222
1143,20100603,2.485,11.487,72.83333333333333,2.9,97.705,142.94799999999995,62.2291666667,1.200405013667616,55.9066,-2.85121,1.2125,0.0898125,6,2.9,2.9,10.3,12.2,26.1,40.90000000000001,41.7,55.10000000000001,180.0,0,11,65,21,0,0,0,0,0,1,0,0,0,0,0.19
1144,20100604,4.066,6.331,87.33333333333331,1.1,97.321,83.969,27.6041666667,0.7599806346532945,25.3927,-2.88713,1.225,0.093725,6,4.0,4.0,5.7,13.3,17.9,42.00000000000001,42.00000000000001,56.20000000000001,180.0,0,11,65,21,0,0,0,0,0,1,0,0,0,0,0.226
1145,20100605,4.24,4.419,69.79166666666667,0.7,97.545,179.96900000000005,72.5208333333,0.9980783779177136,60.7387,-2.9182799999999998,1.2375,0.0976375,6,1.8,4.7,4.7,12.1,14.000000000000002,42.50000000000001,42.70000000000001,56.70000000000001,180.0,0,11,65,21,0,0,0,0,0,1,0,0,0,0,0.191
1146,20100606,4.135,4.898,59.95833333333334,0.0,97.771,117.56299999999999,55.1458333333,0.6037291218463857,35.9421,-2.85121,1.25,0.10155,6,0.7,1.8,4.7,6.4,14.000000000000002,42.50000000000001,42.70000000000001,56.70000000000001,180.0,0,11,65,21,0,0,0,0,0,1,0,0,0,0,0.215
1147,20100607,2.62,5.7810000000000015,74.72916666666667,1.1,98.02,200.06799999999998,82.6458333333,1.082354764060701,73.0702,-2.88713,1.2625000000000002,0.1054625,6,1.1,1.8,5.8000000000000025,5.8000000000000025,15.1,39.40000000000001,43.80000000000001,57.80000000000001,180.0,0,11,65,21,0,0,0,0,0,1,0,0,0,0,0.203
1148,20100608,1.811,7.141,61.70833333333334,0.0,98.304,216.917,112.125,1.1252151570417404,82.7071,-2.9182799999999998,1.275,0.109375,6,1.1,1.1,2.9000000000000004,5.8000000000000025,13.2,29.000000000000004,43.80000000000001,57.40000000000001,180.0,0,11,65,21,0,0,0,0,0,1,0,0,0,0,0.19899999999999998
1149,20100609,2.354,9.356,62.91666666666666,0.0,98.20100000000001,229.03599999999997,114.541666667,1.5254504766976644,73.4637,-2.85121,1.2875,0.1132875,6,0.0,1.1,1.8,5.8000000000000025,7.500000000000001,19.700000000000006,43.80000000000001,57.40000000000001,180.0,0,11,65,21,0,0,0,0,0,1,0,0,0,0,0.225
1150,20100610,2.72,8.827,55.9375,0.0,98.425,244.385,130.4375,1.3203543196655438,91.9976,-2.88713,1.3,0.1172,6,0.0,0.0,1.1,2.9000000000000004,5.8000000000000025,15.1,43.60000000000001,54.40000000000001,180.0,0,11,65,21,0,0,0,0,0,1,0,0,0,0,0.236
1151,20100611,2.218,10.622,56.375,0.0,97.993,218.96099999999998,121.645833333,1.4316143278056743,84.6537,-2.9182799999999998,1.3,0.1205,6,0.0,0.0,1.1,1.8,5.8000000000000025,15.1,43.60000000000001,45.30000000000001,180.0,0,11,65,21,0,0,0,0,0,1,0,0,0,0,0.23
1152,20100612,3.2119999999999997,11.287,55.77083333333334,0.0,97.211,335.781,175.02083333299996,1.674509506987489,127.50399999999999,-2.85121,1.3,0.1238,6,0.0,0.0,0.0,1.1,5.8000000000000025,15.1,39.40000000000001,45.30000000000001,180.0,0,11,65,21,0,0,0,0,0,1,0,0,0,0,0.213
1153,20100613,3.128,9.292,51.35416666666666,0.0,97.09,362.385,178.5625,1.345163731803329,135.981,-2.88713,1.3,0.12710000000000002,6,0.0,0.0,0.0,1.1,2.9000000000000004,13.2,29.000000000000004,44.60000000000001,180.0,0,11,65,21,0,0,0,0,0,1,0,0,0,0,0.217
1154,20100614,2.076,8.786,54.875,0.0,98.03399999999999,258.385,134.64583333299998,1.2170795473359428,98.8583,-2.9182799999999998,1.3,0.13040000000000002,6,0.0,0.0,0.0,0.0,1.8,7.500000000000001,19.700000000000006,43.80000000000001,180.0,0,11,65,21,0,0,0,0,0,1,0,0,0,0,0.21899999999999997
1155,20100615,2.137,7.71,66.0,3.8,98.594,229.72299999999998,102.936170213,1.9640648188864265,77.8827,-2.85121,1.3,0.1337,6,3.8,3.8,3.8,3.8,4.9,9.6,18.9,47.6,180.0,0,11,65,21,0,0,0,0,0,1,0,0,0,0,0.22
1156,20100616,1.788,10.779000000000002,54.58333333333334,0.0,98.37299999999999,266.439,134.61702127700002,1.8652518046437367,86.3511,-2.88713,1.3,0.13699999999999998,6,3.8,3.8,3.8,3.8,4.9,9.6,18.9,47.6,180.0,0,11,65,21,0,0,0,0,0,1,0,0,0,0,0.209
1157,20100617,1.774,12.74,62.16666666666666,0.2,97.99700000000001,227.95,121.8125,1.8392680041049367,84.4993,-2.9182799999999998,1.3,0.1403,6,0.2,4.0,4.0,4.0,4.0,9.8,19.1,47.8,180.0,0,11,65,21,0,0,0,0,0,1,0,0,0,0,0.228
1158,20100618,1.479,13.399000000000001,67.79166666666667,0.7,97.72200000000001,217.792,104.326086957,1.891342582096116,75.3139,-2.85121,1.3,0.1436,6,0.8999999999999999,0.8999999999999999,4.699999999999998,4.699999999999998,4.699999999999998,7.6,17.9,48.50000000000001,180.0,0,11,65,21,0,0,0,0,0,1,0,0,0,0,0.253
1159,20100619,2.4130000000000003,13.979000000000001,72.47916666666667,0.4,97.774,170.875,89.3617021277,1.9485682051225592,56.7147,-2.88713,1.3125,0.142675,6,1.1,1.3,5.1,5.1,5.1,6.9,12.6,48.9,180.0,0,11,65,21,0,0,0,0,0,1,0,0,0,0,0.261
1160,20100620,3.65,13.345999999999998,82.125,3.2,97.396,90.365,13.270833333299999,2.152476153514069,29.1498,-2.9182799999999998,1.3250000000000002,0.14175,6,3.6,4.3,4.5,8.3,8.3,9.4,14.1,51.9,180.0,0,11,65,21,0,0,0,0,0,1,0,0,0,0,0.262
1161,20100621,3.1689999999999996,9.294,71.39583333333333,0.2,97.834,171.78099999999995,84.3333333333,1.976688093505708,72.1156,-2.85121,1.3375,0.140825,6,3.4000000000000004,3.8,4.7,8.5,8.5,9.6,14.3,52.1,180.0,0,11,65,21,0,0,0,0,0,1,0,0,0,0,0.266
1162,20100622,3.46,11.075,53.83333333333334,0.0,97.927,298.156,162.808510638,2.22064300901596,107.324,-2.88713,1.35,0.1399,6,0.2,3.4000000000000004,4.5,4.7,8.5,8.5,14.3,47.9,180.0,0,11,65,21,0,0,0,0,0,1,0,0,0,0,0.236
1163,20100623,2.9960000000000004,11.077,55.64583333333334,0.0,98.25299999999999,199.813,101.229166667,1.9436640403126682,72.6213,-2.9182799999999998,1.3625,0.13897500000000002,6,0.0,0.2,3.8,4.7,8.5,8.5,11.4,37.5,180.0,0,11,65,21,0,0,0,0,0,1,0,0,0,0,0.23199999999999998
1164,20100624,1.85,14.652000000000001,57.125,0.0,98.53,208.667,112.354166667,1.784716410271446,67.8757,-2.85121,1.375,0.13805,6,0.0,0.0,3.4000000000000004,4.5,8.5,8.5,10.3,28.2,180.0,0,11,65,21,0,0,0,0,0,1,0,0,0,0,0.24
1165,20100625,1.845,18.055,47.5625,0.0,98.23200000000001,332.24,184.58333333299998,2.437246101487516,143.164,-2.88713,1.3875000000000002,0.137125,6,0.0,0.0,0.2,3.8,4.7,8.5,9.6,23.6,180.0,0,11,65,21,0,0,0,0,0,1,0,0,0,0,0.26899999999999996
1166,20100626,2.121,15.795,73.20833333333333,10.1,97.413,143.365,69.2916666667,1.908117096645355,66.0309,-2.9182799999999998,1.4,0.13620000000000002,6,10.1,10.1,10.1,13.5,14.8,18.6,19.7,33.7,180.0,0,11,65,21,0,0,0,0,0,1,0,0,0,0,0.275
1167,20100627,3.705,10.488,77.4375,0.9,97.459,170.583,79.6808510638,1.7067147591252327,64.9998,-2.85121,1.4125,0.142125,6,11.0,11.0,11.0,11.2,15.499999999999998,19.5,19.5,34.599999999999994,180.0,0,11,65,21,0,0,0,0,0,1,0,0,0,0,0.29
1168,20100628,4.069,9.815,65.54166666666667,0.0,98.164,142.02100000000004,64.5,1.282563267833146,40.5542,-2.88713,1.425,0.14805,6,0.9,11.0,11.0,11.0,14.8,19.5,19.5,32.7,180.0,0,11,65,21,0,0,0,0,0,1,0,0,0,0,0.212
1169,20100629,1.557,12.81,58.1875,0.0,98.70299999999999,301.013,152.38297872299998,1.9929820549170656,107.62,-2.9182799999999998,1.4375,0.153975,6,0.0,0.9,11.0,11.0,14.4,19.5,19.5,27.0,180.0,0,11,65,21,0,0,0,0,0,1,0,0,0,0,0.236
1170,20100630,1.4480000000000002,15.292,79.375,3.2,98.295,129.32299999999998,47.6041666667,1.5630818540308238,53.1255,-2.85121,1.4500000000000002,0.1599,6,3.2,3.2,14.2,14.2,14.4,18.899999999999995,22.7,28.5,180.0,0,11,65,21,0,0,0,0,0,1,0,0,0,0,0.24600000000000002
1171,20100701,2.017,14.106,87.72916666666669,4.5,97.831,157.69799999999995,84.6458333333,1.7682730258184811,65.6168,-2.88713,1.4625,0.165825,7,7.7,7.7,8.6,18.7,18.7,23.399999999999995,27.2,33.0,180.0,0,11,65,21,0,0,0,0,0,1,0,0,0,0,0.317
1172,20100702,3.609,8.638,81.52083333333333,2.2,98.41799999999999,129.635,67.0208333333,1.3356742412832017,42.9715,-2.9182799999999998,1.475,0.17175,7,6.7,9.9,9.9,20.9,20.9,25.399999999999995,29.399999999999995,35.2,180.0,0,11,65,21,0,0,0,0,0,1,0,0,0,0,0.26899999999999996
1173,20100703,2.0,12.992,75.4375,0.0,98.57600000000001,133.938,64.9583333333,1.3804424879456134,46.9924,-2.85121,1.4875,0.177675,7,2.2,6.7,9.9,10.8,20.9,24.7,29.399999999999995,32.3,180.0,0,11,65,21,0,0,0,0,0,1,0,0,0,0,0.236
1174,20100704,0.7340000000000001,16.4,86.91666666666669,2.7,98.40799999999999,106.875,47.0416666667,1.5349658612378367,45.0398,-2.88713,1.5,0.1836,7,2.7,4.9,12.6,12.6,23.6,27.0,32.099999999999994,33.9,180.0,0,11,65,21,0,0,0,0,0,1,0,0,0,0,0.262
1175,20100705,1.5119999999999998,16.819000000000006,89.0625,4.2,98.036,110.896,53.5416666667,1.6597520911593058,39.5214,-2.9182799999999998,1.5,0.183225,7,6.9,6.9,13.6,16.8,27.8,28.0,32.5,37.4,180.0,0,11,65,21,0,0,0,0,0,1,0,0,0,0,0.278
1176,20100706,2.298,19.27,65.3125,2.1,97.86,243.93599999999998,134.3125,2.2186464974699205,90.5819,-2.85121,1.5,0.18285,7,6.3000000000000025,9.0,11.2,18.9,19.8,29.9,34.6,39.5,180.0,0,11,65,21,0,0,0,0,0,1,0,0,0,0,0.28500000000000003
1177,20100707,1.183,14.845,87.85416666666669,12.6,98.26,92.43799999999999,18.5319148936,1.1005546678742748,25.4399,-2.88713,1.5,0.182475,7,14.7,18.9,21.6,28.3,31.5,42.5,47.00000000000001,51.00000000000001,180.0,0,11,65,21,0,0,0,0,0,1,0,0,0,0,0.271
1178,20100708,1.455,16.593,66.70833333333333,0.0,98.54799999999999,306.383,169.21276595700002,1.7760444789247811,102.156,-2.9182799999999998,1.5,0.1821,7,12.6,14.7,21.6,23.8,31.5,42.5,46.3,51.00000000000001,180.0,0,11,65,21,0,0,0,0,0,1,0,0,0,0,0.324
1179,20100709,0.807,15.644,90.10416666666669,11.0,98.25200000000001,120.589,51.0625,1.3130996683892429,40.0984,-2.85121,1.5,0.181725,7,11.0,23.6,29.9,32.6,42.50000000000001,53.50000000000001,56.90000000000001,62.00000000000002,180.0,0,11,65,21,0,0,0,0,0,1,0,0,0,0,0.271
1180,20100710,1.6540000000000001,15.889000000000001,85.8125,1.5,98.34,184.232,99.4130434783,1.4771955558572918,64.4628,-2.88713,1.5,0.18135,7,12.5,12.5,27.20000000000001,34.1,40.8,55.00000000000001,55.20000000000001,63.50000000000002,180.0,0,11,65,21,0,0,0,0,0,1,0,0,0,0,0.295
1181,20100711,1.6380000000000001,16.8,65.79166666666667,0.0,98.719,238.41299999999998,135.39583333299998,1.7920232307827382,74.7094,-2.9182799999999998,1.5,0.180975,7,1.5,12.5,25.1,31.4,36.3,44.90000000000001,55.00000000000001,63.50000000000002,180.0,0,11,65,21,0,0,0,0,0,1,0,0,0,0,0.292
1182,20100712,3.302,18.108,70.875,0.3,98.421,179.266,85.875,1.4826569790425237,60.7105,-2.85121,1.5,0.1806,7,0.3,1.8,12.8,27.5,34.4,44.3,55.3,63.80000000000001,180.0,0,11,65,21,0,0,0,0,0,1,0,0,0,0,0.168
1183,20100713,2.286,18.024,63.83333333333334,0.0,98.285,247.938,140.723404255,1.8046975392888387,64.3445,-2.88713,1.5,0.1784375,7,0.3,0.3,12.8,25.4,34.4,44.3,55.3,63.80000000000001,180.0,0,11,65,21,0,0,0,0,0,1,0,0,0,0,0.157
1184,20100714,2.676,19.081,79.89583333333333,5.7,97.78299999999999,199.049,114.106382979,1.4442986684217636,50.6483,-2.9182799999999998,1.5,0.17627500000000002,7,5.7,6.0,7.5,18.5,37.40000000000001,50.00000000000002,61.00000000000002,69.50000000000003,180.0,0,11,65,21,0,0,0,0,0,1,0,0,0,0,0.201
1185,20100715,3.0039999999999996,11.636,70.3125,0.1,98.649,182.313,107.041666667,1.1698803539530709,72.4024,-2.85121,1.5,0.1741125,7,5.8,5.8,6.1,18.6,33.300000000000004,46.90000000000001,61.100000000000016,65.80000000000003,180.0,0,11,65,21,0,0,0,0,0,1,0,0,0,0,0.172
1186,20100716,2.539,12.248,74.27083333333333,1.3,98.95299999999999,178.333,99.3125,1.2281630488896145,77.1889,-2.88713,1.5,0.17195000000000002,7,1.4,7.1000000000000005,7.4,8.9,32.5,43.70000000000001,52.30000000000001,67.10000000000002,180.0,0,11,65,21,0,0,0,0,0,1,0,0,0,0,0.191
1187,20100717,2.276,15.435,76.625,0.0,98.90799999999999,174.701,104.541666667,1.5085020309475972,62.1782,-2.9182799999999998,1.5,0.1697875,7,1.3,1.4,7.1000000000000005,7.4,19.9,41.50000000000001,51.40000000000001,66.90000000000002,180.0,0,11,65,21,0,0,0,0,0,1,0,0,0,0,0.19399999999999998
1188,20100718,3.803,18.155,77.9375,2.4,98.351,151.05200000000005,74.652173913,1.7069728472557475,49.0576,-2.85121,1.5,0.167625,7,2.4,3.7,9.5,9.8,22.3,43.90000000000001,53.80000000000001,68.60000000000002,180.0,0,11,65,21,0,0,0,0,0,1,0,0,0,0,0.198
1189,20100719,3.391,15.802,62.77083333333334,0.0,97.884,252.19299999999998,124.8125,2.0681974418655904,66.2593,-2.88713,1.5,0.1654625,7,2.4,2.4,3.8,9.5,11.3,41.2,53.80000000000001,68.20000000000002,180.0,0,11,65,21,0,0,0,0,0,1,0,0,0,0,0.16699999999999998
1190,20100720,3.088,16.033,57.83333333333334,0.0,97.781,228.05200000000002,110.916666667,1.8682144012576043,58.9158,-2.9182799999999998,1.5,0.1633,7,0.0,2.4,3.7,9.5,9.8,37.0,50.60000000000001,65.00000000000001,180.0,0,11,65,21,0,0,0,0,0,1,0,0,0,0,0.198
1191,20100721,1.213,14.635,71.72916666666667,1.0,97.928,164.44799999999995,80.0833333333,1.5265437169987668,46.6624,-2.85121,1.4875,0.1617125,7,1.0,1.0,3.4,4.8,10.8,35.9,47.10000000000001,65.80000000000001,180.0,0,11,65,21,0,0,0,0,0,1,0,0,0,0,0.2
1192,20100722,3.1689999999999996,16.852,93.3125,33.4,97.182,97.42200000000001,41.595744680900005,1.5661860969645318,29.761999999999997,-2.88713,1.475,0.16012500000000002,7,34.4,34.4,36.8,38.1,43.9,56.7,78.3,99.2,180.0,0,11,65,21,0,0,0,0,0,1,0,0,0,0,0.2
1193,20100723,4.572,11.318,68.89583333333333,30.5,97.67299999999999,211.146,91.9375,1.6413921216794436,61.2957,-2.9182799999999998,1.4625,0.1585375,7,63.9,64.9,64.9,67.30000000000001,74.4,87.2,108.8,129.70000000000002,180.0,0,11,65,21,0,0,0,0,0,1,0,0,0,0,0.172
1194,20100724,1.956,12.806,55.5,0.0,99.064,308.125,156.08333333299998,2.032328713425917,88.0133,-2.85121,1.4500000000000002,0.15695,7,30.5,63.9,64.9,67.30000000000001,68.7,76.2,106.1,129.70000000000002,180.0,0,11,65,21,0,0,0,0,0,1,0,0,0,0,0.19
1195,20100725,1.344,11.584000000000001,82.9375,5.6,99.219,81.844,3.08333333333,0.9786448455525548,19.6537,-2.88713,1.4375,0.1553625,7,5.6,36.1,70.5,70.5,74.2,80.3,107.5,135.3,180.0,0,11,65,21,0,0,0,0,0,1,0,0,0,0,0.177
1196,20100726,1.556,13.044,87.20833333333331,0.4,98.809,125.781,63.8958333333,1.2202062875322124,31.0056,-2.9182799999999998,1.425,0.153775,7,6.0,6.0,69.9,70.9,73.30000000000003,80.7,105.8,125.6,180.0,0,11,65,21,0,0,0,0,0,1,0,0,0,0,0.17400000000000002
1197,20100727,1.5859999999999999,18.438,88.97916666666669,10.0,98.27600000000001,147.909,83.75,1.7789739969834493,30.1708,-2.85121,1.4125,0.1521875,7,10.4,16.0,46.5,80.9,83.30000000000003,90.4,103.2,134.7,180.0,0,11,65,21,0,0,0,0,0,1,0,0,0,0,0.19
1198,20100728,2.085,16.889,84.97916666666667,0.0,98.115,120.26,64.75,1.6420289023733097,31.5687,-2.88713,1.4,0.1506,7,10.0,10.4,16.0,79.9,80.9,90.4,103.2,134.7,180.0,0,11,65,21,0,0,0,0,0,1,0,0,0,0,0.21
1199,20100729,2.0869999999999997,17.653,88.58333333333331,0.2,98.443,127.375,65.5625,2.267804479752048,33.605,-2.9182799999999998,1.3875000000000002,0.1461,7,0.2,10.2,16.2,46.7,81.1,84.89999999999998,92.4,134.89999999999998,180.0,0,11,65,21,0,0,0,0,0,1,0,0,0,0,0.179
1200,20100730,2.351,20.56,80.0,0.0,97.98899999999999,179.063,92.9791666667,2.644152017678326,39.0906,-2.85121,1.375,0.1416,7,0.2,0.2,10.6,16.2,81.1,84.8,90.9,131.7,180.0,0,11,65,21,0,0,0,0,0,1,0,0,0,0,0.183
1201,20100731,3.091,17.088,83.04166666666667,0.6,97.74600000000001,116.083,42.8541666667,1.888233218517652,40.4366,-2.88713,1.3625,0.1371,7,0.6,0.8,10.8,16.8,80.69999999999997,84.1,91.5,127.79999999999998,180.0,0,11,65,21,0,0,0,0,0,1,0,0,0,0,0.158
1202,20100801,3.1889999999999996,17.993,68.70833333333333,0.3,97.792,271.802,139.95833333299998,2.4494765898017272,64.8583,-2.9182799999999998,1.35,0.1326,8,0.8999999999999999,0.8999999999999999,1.1,11.5,47.6,84.4,91.5,125.9,180.0,0,11,65,21,0,0,0,0,0,1,0,0,0,0,0.19899999999999998
1203,20100802,3.293,17.184,81.47916666666667,0.6,98.008,120.854,44.1458333333,2.0406643599912613,42.5393,-2.85121,1.3375,0.12810000000000002,8,0.8999999999999999,1.5,1.7,11.7,17.7,82.6,92.1,126.5,180.0,0,11,65,21,0,0,0,0,0,1,0,0,0,0,0.166
1204,20100803,1.662,16.238,80.16666666666667,0.0,97.84700000000001,133.69799999999998,64.6666666667,1.533203087850002,36.2629,-2.88713,1.3250000000000002,0.1236,8,0.6,0.8999999999999999,1.5,1.7,17.7,82.6,86.39999999999998,123.79999999999998,180.0,0,11,65,21,0,0,0,0,0,1,0,0,0,0,0.17800000000000002
1205,20100804,1.594,13.550999999999998,94.20833333333331,9.5,97.956,69.55199999999999,20.8333333333,0.7770343415596258,22.5865,-2.9182799999999998,1.3125,0.1191,8,9.5,10.1,11.0,11.2,21.6,92.1,95.8,129.1,180.0,0,11,65,21,0,0,0,0,0,1,0,0,0,0,0.19699999999999998
1206,20100805,2.221,15.147,94.47916666666669,2.3,97.49799999999999,92.167,36.0208333333,1.146071180076052,30.0764,-2.85121,1.3,0.1146,8,11.8,11.8,12.7,13.3,23.5,93.4,96.8,129.3,180.0,0,11,65,21,0,0,0,0,0,1,0,0,0,0,0.191
1207,20100806,1.845,15.22,75.58333333333333,0.0,99.03,248.84400000000002,132.8125,2.032061351128438,66.2327,-2.88713,1.2875,0.1131875,8,2.3,11.8,12.4,13.3,13.5,60.0,96.8,116.7,180.0,0,11,65,21,0,0,0,0,0,1,0,0,0,0,0.16399999999999998
1208,20100807,1.6740000000000002,17.789,78.20833333333333,0.0,99.176,188.125,96.4791666667,2.722655913083881,47.099,-2.9182799999999998,1.275,0.111775,8,0.0,2.3,11.8,12.7,13.5,29.5,94.4,116.7,180.0,0,11,65,21,0,0,0,0,0,1,0,0,0,0,0.162
1209,20100808,1.136,17.155,90.10416666666669,3.7,98.663,127.302,57.9166666667,1.9451133253025965,32.7986,-2.85121,1.2625000000000002,0.1103625,8,3.7,3.7,15.5,16.1,17.000000000000004,33.2,98.1,109.4,180.0,0,11,65,21,0,0,0,0,0,1,0,0,0,0,0.18600000000000005
1210,20100809,3.197,13.454,98.04166666666669,22.6,98.147,34.948,0.791666666667,0.6701221688291371,4.87589,-2.88713,1.25,0.10895,8,26.3,26.3,28.6,38.1,39.6,50.2,120.70000000000002,130.50000000000003,180.0,0,11,65,21,0,0,0,0,0,1,0,0,0,0,0.214
1211,20100810,2.1790000000000003,11.321,90.72916666666669,0.4,98.167,58.521,27.875,0.889537704623634,9.31742,-2.9182799999999998,1.2375,0.1075375,8,23.0,26.7,26.7,38.5,39.4,50.2,120.1,130.9,180.0,0,11,65,21,0,0,0,0,0,1,0,0,0,0,0.192
1212,20100811,1.125,12.940999999999999,83.875,0.0,98.141,139.583,79.1875,1.6849073580421616,29.8897,-2.85121,1.225,0.106125,8,0.4,23.0,26.7,29.0,39.1,40.2,86.7,130.6,180.0,0,11,65,21,0,0,0,0,0,1,0,0,0,0,0.171
1213,20100812,2.225,13.023,77.3125,0.0,99.066,137.406,79.7291666667,1.3364041355219431,35.6986,-2.88713,1.2125,0.1047125,8,0.0,0.4,26.7,26.7,38.5,40.2,56.2,130.6,180.0,0,11,65,21,0,0,0,0,0,1,0,0,0,0,0.162
1214,20100813,2.215,18.028,80.04166666666667,3.6,99.148,154.969,80.0,1.7685801732687778,34.1633,-2.9182799999999998,1.2000000000000002,0.1033,8,3.6,3.6,26.6,30.3,42.1,43.6,59.8,128.50000000000003,180.0,0,11,65,21,0,0,0,0,0,1,0,0,0,0,0.204
1215,20100814,2.8680000000000003,18.985,80.54166666666667,2.3,98.62899999999999,174.05200000000005,86.9787234043,2.3890337844653757,23.3082,-2.85121,1.1875,0.0985625,8,5.9,5.9,6.3000000000000025,32.6,34.9,45.9,56.5,130.70000000000002,180.0,0,11,65,21,0,0,0,0,0,1,0,0,0,0,0.145
1216,20100815,4.718,12.805,60.75,0.0,98.281,193.08900000000003,73.7083333333,1.4838893647431282,49.71,-2.88713,1.175,0.093825,8,2.3,5.9,5.9,28.9,32.6,45.3,56.1,129.4,180.0,0,11,65,21,0,0,0,0,0,1,0,0,0,0,0.158
1217,20100816,3.9339999999999997,7.928,57.08333333333334,0.0,99.163,249.396,95.1875,1.5698880930157546,64.6835,-2.9182799999999998,1.1625,0.0890875,8,0.0,2.3,5.9,6.3000000000000025,32.6,45.0,46.1,129.4,180.0,0,11,65,21,0,0,0,0,0,1,0,0,0,0,0.184
1218,20100817,1.974,7.776,67.25,0.0,98.574,174.42700000000005,78.6875,1.1587505411088639,48.8514,-2.85121,1.15,0.08435000000000001,8,0.0,0.0,5.9,5.9,32.6,44.4,46.1,127.0,180.0,0,11,65,21,0,0,0,0,0,1,0,0,0,0,0.173
1219,20100818,2.812,6.4620000000000015,68.91666666666667,0.0,98.32700000000001,178.21900000000005,69.9166666667,1.0178375524180117,51.8951,-2.88713,1.1375,0.0796125,8,0.0,0.0,2.3,5.9,28.9,44.4,45.9,127.0,180.0,0,11,65,21,0,0,0,0,0,1,0,0,0,0,0.162
1220,20100819,1.643,7.353,73.75,0.0,98.204,79.906,44.6875,0.6623838983467071,29.4312,-2.9182799999999998,1.125,0.074875,8,0.0,0.0,0.0,5.9,6.3000000000000025,34.9,45.9,127.0,180.0,0,11,65,21,0,0,0,0,0,1,0,0,0,0,0.156
1221,20100820,1.15,9.674,70.77083333333333,0.0,98.359,175.28900000000004,86.0208333333,1.0489636109255451,48.7015,-2.85121,1.1125,0.0701375,8,0.0,0.0,0.0,2.3,5.9,32.6,45.3,126.0,180.0,0,11,65,21,0,0,0,0,0,1,0,0,0,0,0.162
1222,20100821,1.093,10.28,75.20833333333333,0.0,98.12299999999999,93.698,47.6875,0.6948822694641265,27.3169,-2.88713,1.1,0.0654,8,0.0,0.0,0.0,0.0,5.9,32.6,45.0,92.6,180.0,0,11,65,21,0,0,0,0,0,1,0,0,0,0,0.182
1223,20100822,2.4859999999999998,10.174,77.39583333333333,0.0,97.47200000000001,84.552,39.9166666667,0.6543073065650695,24.7978,-2.9182799999999998,1.075,0.0609125,8,0.0,0.0,0.0,0.0,5.9,32.6,44.4,62.1,180.0,0,11,65,21,0,0,0,0,0,1,0,0,0,0,0.168
1224,20100823,2.75,7.857,72.125,0.0,97.27799999999999,146.118,56.2291666667,0.7345141818747867,40.4413,-2.85121,1.05,0.056425,8,0.0,0.0,0.0,0.0,2.3,28.9,44.4,62.1,180.0,0,11,65,21,0,0,0,0,0,1,0,0,0,0,0.163
1225,20100824,1.179,5.186,77.1875,0.0,97.54,101.354,52.6458333333,0.5730330263121834,32.5287,-2.88713,1.025,0.0519375,8,0.0,0.0,0.0,0.0,0.0,6.3000000000000025,34.9,56.5,180.0,0,11,65,21,0,0,0,0,0,1,0,0,0,0,0.17400000000000002
1226,20100825,1.6159999999999999,5.17,75.875,0.0,97.527,82.229,32.4166666667,0.6041703515602531,27.0084,-2.9182799999999998,1.0,0.04745,8,0.0,0.0,0.0,0.0,0.0,5.9,32.6,56.1,180.0,0,11,65,21,0,0,0,0,0,1,0,0,0,0,0.131
1227,20100826,2.0980000000000003,6.358,73.14583333333333,0.0,97.73,102.177,44.9583333333,0.6173302303531469,32.8104,-2.85121,0.975,0.0429625,8,0.0,0.0,0.0,0.0,0.0,5.9,32.6,46.1,180.0,0,11,65,21,0,0,0,0,0,1,0,0,0,0,0.16399999999999998
1228,20100827,1.166,5.811,77.72916666666667,0.0,98.00399999999999,97.154,42.6666666667,0.5514775469520206,31.2452,-2.88713,0.95,0.038475,8,0.0,0.0,0.0,0.0,0.0,5.9,32.6,46.1,180.0,0,11,65,21,0,0,0,0,0,1,0,0,0,0,0.165
1229,20100828,0.851,6.098,76.22916666666667,0.0,98.22200000000001,95.995,47.0416666667,0.5762322633963974,33.6155,-2.9182799999999998,0.925,0.033987500000000004,8,0.0,0.0,0.0,0.0,0.0,2.3,28.9,45.9,180.0,0,11,65,21,0,0,0,0,0,1,0,0,0,0,0.13699999999999998
1230,20100829,0.905,6.692,75.25,0.0,98.47200000000001,89.99,40.1458333333,0.6086544012600644,26.2619,-2.85121,0.9,0.0295,8,0.0,0.0,0.0,0.0,0.0,0.0,6.3000000000000025,45.9,180.0,0,11,65,21,0,0,0,0,0,1,0,0,0,0,0.196
1231,20100830,1.3530000000000002,6.675,81.5,0.0,98.509,124.789,50.25,0.5934804127035469,37.6063,-2.88713,0.8875000000000001,0.0320625,8,0.0,0.0,0.0,0.0,0.0,0.0,5.9,45.3,180.0,0,11,65,21,0,0,0,0,0,1,0,0,0,0,0.201
1232,20100831,3.062,8.049,85.47916666666667,5.7,98.009,112.31299999999999,33.5106382979,1.0266383224407447,32.5763,-2.9182799999999998,0.875,0.034625,8,5.7,5.7,5.7,5.7,5.7,5.7,11.6,50.7,180.0,0,11,65,21,0,0,0,0,0,1,0,0,0,0,0.207
1233,20100901,1.8030000000000002,6.318,92.8125,15.1,97.64,102.82799999999999,31.6458333333,0.9009599149761932,22.8098,-2.85121,0.8625,0.0371875,9,20.8,20.8,20.8,20.8,20.8,20.8,26.70000000000001,65.2,180.0,0,11,65,21,0,0,0,0,0,1,0,0,0,0,0.218
1234,20100902,2.772,5.403,82.91666666666667,0.0,98.596,68.19800000000001,20.8958333333,0.5594578235885649,18.2392,-2.88713,0.8500000000000001,0.03975,9,15.1,20.8,20.8,20.8,20.8,20.8,23.1,65.2,180.0,0,11,65,21,0,0,0,0,0,1,0,0,0,0,0.206
1235,20100903,2.6830000000000003,4.4110000000000005,82.85416666666667,0.0,98.855,73.844,19.3541666667,0.5419586856146091,21.5261,-2.9182799999999998,0.8375,0.0423125,9,0.0,15.1,20.8,20.8,20.8,20.8,20.8,55.7,180.0,0,11,65,21,0,0,0,0,0,1,0,0,0,0,0.2
1236,20100904,2.707,7.017,80.95833333333333,0.0,98.417,81.67699999999998,21.8958333333,0.5775761193447109,22.4896,-2.85121,0.8250000000000001,0.044875000000000005,9,0.0,0.0,20.8,20.8,20.8,20.8,20.8,53.40000000000001,180.0,0,11,65,21,0,0,0,0,0,1,0,0,0,0,0.188
1237,20100905,1.38,8.22,79.10416666666667,0.0,98.978,98.156,54.7916666667,0.7563748645142191,25.371,-2.88713,0.8125,0.0474375,9,0.0,0.0,15.1,20.8,20.8,20.8,20.8,53.40000000000001,180.0,0,11,65,21,0,0,0,0,0,1,0,0,0,0,0.19399999999999998
1238,20100906,1.402,10.365,90.60416666666669,0.6,99.40700000000001,41.802,0.708333333333,0.4780797653357848,7.371360000000001,-2.9182799999999998,0.8,0.05,9,0.6,0.6,0.6,21.4,21.4,21.4,21.4,54.0,180.0,0,11,65,21,0,0,0,0,0,1,0,0,0,0,0.214
1239,20100908,1.195,9.03,79.97916666666667,0.0,99.47399999999999,157.97899999999996,56.9791666667,0.6979802661899027,26.8505,-2.88713,0.8,0.044475,9,0.0,0.6,0.6,0.6,21.4,21.4,21.4,27.7,180.0,0,11,65,21,0,0,0,0,0,1,0,0,0,0,0.23
1240,20100909,1.133,9.065,97.89583333333331,0.0,99.51100000000001,34.594,6.9375,0.3139104269230142,17.464000000000002,-2.9182799999999998,0.8,0.0417125,9,0.0,0.0,0.6,0.6,21.4,21.4,21.4,27.3,180.0,0,11,65,21,0,0,0,0,0,1,0,0,0,0,0.218
1241,20100910,2.3409999999999997,12.350999999999999,78.60416666666667,0.0,99.256,118.99,56.2916666667,0.6708643900856871,20.0005,-2.85121,0.8,0.03895,9,0.0,0.0,0.6,0.6,15.7,21.4,21.4,27.3,180.0,0,11,65,21,0,0,0,0,0,1,0,0,0,0,0.22
1242,20100911,1.933,10.079,82.58333333333333,0.0,98.865,124.833,41.5416666667,0.6137435493295403,23.2691,-2.88713,0.8,0.0361875,9,0.0,0.0,0.0,0.6,0.6,21.4,21.4,27.3,180.0,0,11,65,21,0,0,0,0,0,1,0,0,0,0,0.21899999999999997
1243,20100912,1.069,7.64,99.4375,1.2,98.51,31.115,-0.1875,0.266618479795988,7.8182300000000025,-2.9182799999999998,0.8,0.033425,9,1.2,1.2,1.2,1.7999999999999998,1.7999999999999998,22.6,22.6,24.9,180.0,0,11,65,21,0,0,0,0,0,1,0,0,0,0,0.226
1244,20100913,2.115,11.419,91.25,6.1,97.821,58.51,14.270833333299999,0.5194369025911728,5.52272,-2.85121,0.8,0.0306625,9,7.3,7.3,7.3,7.3,7.899999999999999,28.7,28.7,28.7,180.0,0,11,65,21,0,0,0,0,0,1,0,0,0,0,0.23199999999999998
1245,20100914,1.588,7.591,94.14583333333331,0.0,97.604,78.74,31.1666666667,0.2338604585342151,16.8469,-2.88713,0.8,0.0279,9,6.1,7.3,7.3,7.3,7.899999999999999,28.7,28.7,28.7,180.0,0,11,65,21,0,0,0,0,0,1,0,0,0,0,0.249
1246,20100915,2.654,9.873,96.64583333333331,1.1,97.0,26.354,2.97916666667,0.2993291672713093,5.46411,-2.9182799999999998,0.7875000000000001,0.02745,9,1.1,7.1999999999999975,8.399999999999999,8.399999999999999,8.999999999999998,24.1,29.8,29.8,180.0,0,11,65,21,0,0,0,0,0,1,0,0,0,0,0.259
1247,20100916,2.6039999999999996,8.951,88.5,3.1,96.932,60.896,1.29166666667,0.3061587955553068,2.9525200000000003,-2.85121,0.775,0.027000000000000003,9,4.2,4.2,11.5,11.5,11.5,12.1,32.9,32.9,180.0,0,11,65,21,0,0,0,0,0,1,0,0,0,0,0.281
1248,20100917,0.8240000000000001,6.606,93.95833333333331,0.6,97.087,55.813,10.0625,0.1541936164728378,3.3724199999999995,-2.88713,0.7625000000000001,0.02655,9,3.7,4.800000000000002,10.9,12.1,12.1,12.7,33.5,33.5,180.0,0,11,65,21,0,0,0,0,0,1,0,0,0,0,0.273
1249,20100918,0.637,5.189,96.58333333333331,0.0,96.876,59.667,12.041666666700001,0.11093484036052598,2.70475,-2.9182799999999998,0.75,0.0261,9,0.6,3.7,4.800000000000002,12.1,12.1,12.7,33.5,33.5,180.0,0,11,65,21,0,0,0,0,0,1,0,0,0,0,0.266
1250,20100919,0.8079999999999999,8.28,92.8125,0.0,96.89299999999999,44.28100000000001,13.3125,0.059051708442315436,1.1497,-2.85121,0.7375,0.025650000000000003,9,0.0,0.6,4.800000000000002,10.9,12.1,12.7,33.5,33.5,180.0,0,11,65,21,0,0,0,0,0,1,0,0,0,0,0.212
1251,20100920,0.757,6.026,97.375,8.3,97.294,53.833,-7.666666666669999,0.0037288986856186014,0.08906239999999999,-2.88713,0.7250000000000001,0.0252,9,8.3,8.3,12.0,13.1,20.4,21.0,36.1,41.8,180.0,0,11,65,21,0,0,0,0,0,1,0,0,0,0,0.259
